100
0 0.579313 0.587209 0.357168 0.271139 0.177084 0.901902 0.712764 0.788254 0.175337 0.355352 0.24558 0.215819 0.765808 0.709798 0.243413 0.549067 0.354204 0.289283 0.0718988 0.428684 0.943513 0.984663 0.767951 0.472434 0.709498 0.658902 0.491967 0.69053 0.142572 0.0398473 0.440988 0.711885 0.617056 0.788156 0.973024 0.78414 0.700058 0.695788 0.582394 0.865394 0.0611392 0.817974 0.0912133 0.816947 0.537773 0.324626 0.376014 0.881977 0.603909 0.437913 0.320661 0.557422 0.432576 0.0986119 0.0398564 0.152074 0.747514 0.521824 0.832604 0.880086 0.551671 0.283592 0.60197 0.178727 0.0817483 0.584994 0.952867 0.771806 0.290782 0.545261 0.6472 0.341921 0.373236 0.728413 0.168868 0.901008 0.0630393 0.534882 0.792985 0.656948 0.962795 0.123646 0.22437 0.405371 0.212258 0.254227 0.547446 0.949772 0.76605 0.39005 0.839858 0.327721 0.663642 0.451828 0.496448 0.735391 0.0468219 0.459316 0.517196 
0.579313 0 0.327604 0.0145771 0.174396 0.659524 0.377813 0.89281 0.818392 0.288821 0.945849 0.363275 0.0918068 0.612797 0.33607 0.205453 0.827168 0.731441 0.407712 0.0913943 0.288887 0.367483 0.847445 0.668937 0.217341 0.185166 0.342579 0.659169 0.671614 0.0879697 0.695991 0.140929 0.595166 0.0335943 0.145507 0.759563 0.683119 0.513319 0.662372 0.511511 0.792141 0.618222 0.864786 0.873948 0.241019 0.210855 0.0894007 0.0781866 0.932297 0.487112 0.159581 0.231184 0.844596 0.0170254 0.890121 0.0719366 0.192191 0.2427 0.721105 0.853805 0.32067 0.427096 0.984734 0.905836 0.45069 0.140241 0.675398 0.143809 0.64356 0.347771 0.64532 0.445701 0.955992 0.520106 0.329648 0.207011 0.720961 0.409049 0.275198 0.663258 0.886161 0.424779 0.884441 0.740757 0.431804 0.784562 0.802694 0.613995 0.0372621 0.533799 0.4778 0.347932 0.950895 0.472534 0.263768 0.411586 0.602775 0.929166 0.545395 0.256335 
0.587209 0.327604 0 0.286937 0.200715 0.692036 0.252929 0.71082 0.0316847 0.44994 0.441781 0.430734 0.715138 0.115039 0.326895 0.149917 0.98948 0.0776521 0.571721 0.784043 0.870346 0.195717 0.811305 0.414145 0.663517 0.169237 0.37504 0.146051 0.423004 0.776626 0.738826 0.36217 0.33202 0.985161 0.639107 0.522735 0.687198 0.882036 0.243555 0.708882 0.341976 0.675337 0.149616 0.0671145 0.780376 0.466511 0.207032 0.779856 0.534163 0.768753 0.573899 0.414509 0.95447 0.395203 0.818654 0.627986 0.55444 0.203694 0.764037 0.967444 0.970319 0.512863 0.339614 0.312339 0.508025 0.968721 0.825074 0.205223 0.860756 0.0786297 0.904105 0.212733 0.743966 0.063721 0.269847 0.534342 0.520232 0.466879 0.324198 0.0643956 0.245632 0.888097 0.468905 0.210101 0.2933 0.297558 0.828088 0.83774 0.491252 0.602125 0.815184 0.471571 0.124989 0.164798 0.773911 0.623013 0.143519 0.608985 0.818236 0.014275 
0.357168 0.0145771 0.286937 0 0.677615 0.732341 0.217008 0.431581 0.786062 0.476855 0.955923 0.316294 0.933733 0.290121 0.37069 0.189365 0.188217 0.829594 0.389467 0.471517 0.137153 0.227554 0.319257 0.618405 0.819679 0.144441 0.099976 0.934668 0.299239 0.863887 0.567681 0.432757 0.482872 0.395917 0.437032 0.170486 0.138258 0.64404 0.592067 0.91432 0.130895 0.55799 0.240614 0.0746281 0.83811 0.601304 0.253993 0.0363277 0.440899 0.63346 0.497845 0.568051 0.851014 0.807102 0.196456 0.680694 0.941543 0.286432 0.625362 0.250782 0.160319 0.203043 0.673539 0.63319 0.588961 0.120571 0.793676 0.717219 0.754611 0.395743 0.641539 0.875506 0.943733 0.872154 0.940134 0.791844 0.483458 0.204127 0.818171 0.914356 0.827588 0.326016 0.492408 0.688602 0.143118 0.678864 0.379296 0.0946609 0.955296 0.0146573 0.335443 0.125614 0.2077 0.0189815 0.748805 0.786661 0.129553 0.552481 0.51388 0.874164 
0.271139 0.174396 0.200715 0.677615 0 0.938224 0.165419 0.75967 0.891957 0.0475725 0.709804 0.693801 0.52103 0.903932 0.521972 0.445387 0.741519 0.837989 0.927794 0.440121 0.971107 0.616658 0.809417 0.0757676 0.581954 0.814074 0.40121 0.697568 0.0317743 0.410192 0.456373 0.808435 0.529745 0.0188536 0.332315 0.413909 0.947078 0.487734 0.183579 0.849035 0.525306 0.883383 0.552836 0.0563366 0.797315 0.0848085 0.491723 0.548834 0.912797 0.429517 0.978955 0.893904 0.056175 0.798372 0.959671 0.628129 0.622446 0.370881 0.335696 0.644221 0.771073 0.782069 0.462656 0.310818 0.790923 0.784971 0.714726 0.748001 0.282704 0.888305 0.607036 0.798011 0.781688 0.169872 0.844347 0.589003 0.24468 0.34607 0.147838 0.167478 0.765588 0.136793 0.0713812 0.811763 0.925165 0.0410524 0.449891 0.557612 0.401934 0.775588 0.211832 0.183007 0.567657 0.664488 0.483824 0.368579 0.459459 0.208551 0.12658 0.732163 
0.177084 0.659524 0.692036 0.732341 0.938224 0 0.106856 0.723616 0.540174 0.878544 0.883488 0.394521 0.477548 0.138168 0.730591 0.615385 0.295646 0.506179 0.742179 0.357027 0.327942 0.677344 0.388079 0.767833 0.244956 0.780013 0.55342 0.446788 0.95302 0.131077 0.121276 0.446844 0.489657 0.570735 0.645395 0.606237 0.312898 0.742251 0.339852 0.843071 0.630795 0.23334 0.247592 0.118342 0.361508 0.968184 0.723728 0.647154 0.484363 0.475906 0.0141807 0.802305 0.16325 0.39226 0.580137 0.398206 0.182273 0.143558 0.834994 0.145293 0.264635 0.94627 0.582137 0.744291 0.527005 0.237532 0.360528 0.829902 0.969783 0.69038 0.682974 0.610577 0.91372 0.920566 0.71892 0.285228 0.89875 0.452647 0.922382 0.393113 0.918553 0.926563 0.205418 0.0918037 0.328823 0.775555 0.48001 0.501096 0.909113 0.325004 0.636389 0.183747 0.281274 0.228526 0.918039 0.798278 0.456058 0.288567 0.638181 0.435841 
0.901902 0.377813 0.252929 0.217008 0.165419 0.106856 0 0.968947 0.331154 0.0564179 0.892667 0.261721 0.765337 0.187895 0.170471 0.227985 0.120277 0.553584 0.156538 0.0568393 0.749001 0.238342 0.375662 0.534556 0.708352 0.866757 0.453669 0.0433553 0.513146 0.627416 0.314629 0.731672 0.555455 0.122907 0.19773 0.834022 0.751088 0.62357 0.812969 0.0922422 0.669988 0.715635 0.343963 0.445326 0.89353 0.504433 0.66331 0.0238071 0.068017 0.809849 0.0706464 0.807018 0.0581904 0.436308 0.351574 0.756542 0.313066 0.795243 0.789897 0.816212 0.43266 0.114526 0.557883 0.978115 0.227433 0.745613 0.822137 0.968521 0.379184 0.645105 0.0707636 0.059172 0.370741 0.404726 0.494498 0.274271 0.89916 0.167808 0.288078 0.957177 0.967657 0.348725 0.774195 0.0358471 0.775033 0.135769 0.782389 0.0980982 0.921013 0.582286 0.90431 0.363672 0.686813 0.472193 0.351787 0.904246 0.227807 0.183923 0.882767 0.59699 
0.712764 0.89281 0.71082 0.431581 0.75967 0.723616 0.968947 0 0.819028 0.943531 0.646162 0.199769 0.358257 0.15066 0.46404 0.267417 0.308468 0.742119 0.234594 0.286125 0.100843 0.018789 0.311972 0.865876 0.144558 0.104361 0.953974 0.0755709 0.676647 0.868284 0.429243 0.37346 0.350477 0.77103 0.287706 0.568284 0.944953 0.180474 0.175274 0.773982 0.134005 0.811436 0.963751 0.482262 0.952096 0.437791 0.739679 0.270565 0.18991 0.964273 0.546689 0.280753 0.973062 0.848661 0.156628 0.127621 0.943022 0.120602 0.193192 0.62967 0.978886 0.612435 0.0131297 0.339363 0.393464 0.290836 0.897647 0.348418 0.461309 0.0829211 0.132399 0.585314 0.884357 0.10615 0.0775759 0.846454 0.533941 0.807255 0.127018 0.71385 0.781529 0.663708 0.984603 0.764591 0.522369 0.151231 0.882212 0.475392 0.261834 0.0854034 0.115061 0.25072 0.687838 0.118191 0.580083 0.0913025 0.399027 0.48773 0.42972 0.850336 
0.788254 0.818392 0.0316847 0.786062 0.891957 0.540174 0.331154 0.819028 0 0.560651 0.552119 0.44565 0.455009 0.648269 0.513226 0.311463 0.19221 0.330481 0.428481 0.89606 0.12201 0.102189 0.890663 0.876601 0.614558 0.0518943 0.768812 0.09995 0.303728 0.844216 0.205011 0.544448 0.542054 0.313202 0.134531 0.623356 0.702229 0.612262 0.0630763 0.562565 0.182913 0.605195 0.0182151 0.627922 0.263464 0.521441 0.929385 0.445674 0.841922 0.367866 0.351734 0.953932 0.460056 0.252397 0.840532 0.084614 0.294291 0.619344 0.174564 0.588019 0.47356 0.369575 0.142467 0.0256138 0.672778 0.266999 0.63897 0.385007 0.869261 0.692046 0.937572 0.0621739 0.307242 0.945787 0.680096 0.560706 0.477228 0.619481 0.0163796 0.32915 0.977348 0.358113 0.293081 0.447403 0.60051 0.143614 0.522017 0.884801 0.752958 0.686581 0.48282 0.236518 0.0661565 0.615288 0.252132 0.728934 0.872286 0.881102 0.123941 0.751547 
0.175337 0.288821 0.44994 0.476855 0.0475725 0.878544 0.0564179 0.943531 0.560651 0 0.583148 0.0715134 0.803721 0.88039 0.0273006 0.493817 0.451096 0.494529 0.123298 0.457475 0.813679 0.110646 0.805589 0.11676 0.548049 0.416099 0.250374 0.080066 0.3109 0.0133318 0.756647 0.783721 0.23985 0.812804 0.409008 0.481982 0.551738 0.291295 0.373084 0.665679 0.0528416 0.946233 0.727193 0.846562 0.836623 0.744493 0.350379 0.297719 0.249022 0.463677 0.745194 0.0727003 0.564323 0.560783 0.17946 0.122372 0.966882 0.419834 0.192438 0.287783 0.423166 0.939085 0.0815033 0.653016 0.761889 0.480512 0.144998 0.323627 0.761806 0.508082 0.979306 0.804648 0.464315 0.716499 0.66121 0.310938 0.470992 0.0215895 0.598657 0.710014 0.475267 0.353851 0.772714 0.0495896 0.904634 0.942174 0.161961 0.881516 0.372008 0.344399 0.179298 0.785174 0.293484 0.250802 0.44819 0.065373 0.721313 0.583188 0.379 0.49312 
0.355352 0.945849 0.441781 0.955923 0.709804 0.883488 0.892667 0.646162 0.552119 0.583148 0 0.101271 0.368306 0.307768 0.555586 0.0948044 0.958978 0.856524 0.555796 0.970568 0.465181 0.27581 0.455834 0.809032 0.0585238 0.495424 0.723665 0.0106981 0.647385 0.615181 0.372707 0.981785 0.78448 0.167881 0.285269 0.0452813 0.606071 0.340642 0.756595 0.199259 0.709642 0.259715 0.29053 0.0879474 0.557482 0.836117 0.172752 0.52646 0.702641 0.718548 0.507028 0.177822 0.984358 0.952862 0.976853 0.0528816 0.458286 0.710519 0.0535797 0.115672 0.3357 0.416286 0.107456 0.13018 0.574167 0.382725 0.165461 0.190238 0.713367 0.912056 0.379498 0.433009 0.18177 0.660028 0.510956 0.729253 0.506145 0.673708 0.265713 0.218785 0.402256 0.762741 0.386607 0.396614 0.725603 0.37346 0.439495 0.19389 0.093979 0.483075 0.299561 0.419679 0.889361 0.397018 0.539859 0.473528 0.769743 0.69532 0.653766 0.49311 
0.24558 0.363275 0.430734 0.316294 0.693801 0.394521 0.261721 0.199769 0.44565 0.0715134 0.101271 0 0.617375 0.0432639 0.916118 0.789146 0.693292 0.437074 0.528398 0.209436 0.120782 0.784112 0.418222 0.513038 0.556853 0.794829 0.899652 0.292456 0.178289 0.349147 0.476346 0.262268 0.822222 0.765907 0.671947 0.721583 0.172925 0.221806 0.205111 0.932667 0.907125 0.848878 0.435777 0.534501 0.882141 0.361896 0.333647 0.585433 0.78897 0.852045 0.78487 0.899752 0.646157 0.213091 0.42279 0.213009 0.0179198 0.332442 0.495466 0.186209 0.671589 0.961812 0.438477 0.50381 0.737719 0.120424 0.235393 0.900644 0.332229 0.430505 0.843311 0.249355 0.289382 0.289088 0.773856 0.181524 0.640984 0.117502 0.756957 0.439954 0.959547 0.551826 0.349706 0.615704 0.754917 0.762496 0.818714 0.762837 0.104938 0.324179 0.939046 0.766527 0.295991 0.387522 0.280337 0.0437097 0.497946 0.505731 0.934353 0.820175 
0.215819 0.0918068 0.715138 0.933733 0.52103 0.477548 0.765337 0.358257 0.455009 0.803721 0.368306 0.617375 0 0.926235 0.787664 0.0795299 0.225617 0.0867527 0.843385 0.397141 0.717736 0.950888 0.164098 0.16769 0.920435 0.705924 0.507396 0.546139 0.470841 0.279892 0.374853 0.243679 0.37483 0.689032 0.192725 0.151357 0.975023 0.570247 0.421695 0.0287327 0.0781929 0.917425 0.953086 0.888368 0.85366 0.750751 0.957898 0.0892777 0.827503 0.811283 0.476419 0.55524 0.772171 0.630516 0.71293 0.702606 0.34644 0.230326 0.258746 0.807282 0.500218 0.623599 0.0609602 0.865049 0.322631 0.243685 0.026406 0.307654 0.803932 0.4381 0.326386 0.872125 0.365526 0.289473 0.770493 0.229186 0.0502231 0.738391 0.308464 0.867726 0.559674 0.774882 0.432966 0.341845 0.415399 0.155896 0.0544517 0.751839 0.376222 0.303197 0.56912 0.86644 0.916796 0.620081 0.741489 0.249427 0.853765 0.757895 0.54708 0.667697 
0.765808 0.612797 0.115039 0.290121 0.903932 0.138168 0.187895 0.15066 0.648269 0.88039 0.307768 0.0432639 0.926235 0 0.205995 0.863467 0.549822 0.561521 0.162939 0.330314 0.780707 0.203162 0.078705 0.0991705 0.0808887 0.628379 0.864053 0.503855 0.960224 0.289451 0.649751 0.0246762 0.0512902 0.0359723 0.317874 0.610411 0.892412 0.24467 0.240491 0.643901 0.484096 0.104257 0.411796 0.0411766 0.761954 0.607791 0.894643 0.321775 0.179312 0.0675826 0.64209 0.950019 0.260745 0.710795 0.0591891 0.331634 0.349174 0.913242 0.825488 0.319398 0.212693 0.485239 0.334074 0.253984 0.511211 0.641948 0.854394 0.413624 0.876618 0.104886 0.0675247 0.370714 0.199142 0.46932 0.40189 0.951096 0.0871115 0.306534 0.282871 0.256423 0.364116 0.914961 0.216442 0.614861 0.635755 0.265631 0.936495 0.974929 0.188873 0.771983 0.304327 0.391566 0.267222 0.628402 0.63555 0.768433 0.28035 0.499944 0.192057 0.166967 
0.709798 0.33607 0.326895 0.37069 0.521972 0.730591 0.170471 0.46404 0.513226 0.0273006 0.555586 0.916118 0.787664 0.205995 0 0.59483 0.249582 0.527681 0.783972 0.708902 0.919571 0.745068 0.786014 0.236105 0.0379387 0.0524369 0.590222 0.942899 0.258879 0.215083 0.588654 0.51451 0.161578 0.573583 0.693383 0.923562 0.86791 0.094949 0.200784 0.506312 0.720499 0.959217 0.776662 0.230444 0.161274 0.933629 0.815274 0.400856 0.47131 0.609246 0.119758 0.400881 0.364313 0.895772 0.626987 0.392252 0.938209 0.227208 0.345151 0.207088 0.432292 0.923806 0.711597 0.58387 0.507389 0.41498 0.517431 0.3853 0.499929 0.708215 0.881612 0.230428 0.677433 0.668273 0.450872 0.828707 0.611902 0.276145 0.239563 0.0932124 0.875391 0.349322 0.484094 0.249704 0.255094 0.121081 0.631956 0.203302 0.338289 0.967108 0.40039 0.760581 0.900914 0.121987 0.35445 0.418303 0.526967 0.861882 0.793602 0.0368959 
0.243413 0.205453 0.149917 0.189365 0.445387 0.615385 0.227985 0.267417 0.311463 0.493817 0.0948044 0.789146 0.0795299 0.863467 0.59483 0 0.580097 0.685214 0.257324 0.26753 0.363488 0.698196 0.106238 0.96539 0.964341 0.335801 0.0686026 0.849732 0.675123 0.542696 0.109436 0.920216 0.653777 0.731392 0.133519 0.982066 0.7085 0.523908 0.752647 0.619413 0.635895 0.117097 0.0477162 0.172862 0.968979 0.831319 0.199758 0.559077 0.526533 0.447082 0.816607 0.880021 0.155278 0.912844 0.855411 0.129619 0.258645 0.914013 0.96935 0.923768 0.46671 0.0887857 0.853984 0.130487 0.810178 0.977503 0.122553 0.528678 0.511411 0.8652 0.158091 0.157307 0.972297 0.195807 0.320169 0.951277 0.037126 0.509927 0.520353 0.553659 0.94701 0.34696 0.443679 0.112287 0.269804 0.30909 0.231906 0.51845 0.233103 0.211256 0.452218 0.689813 0.290042 0.316202 0.8103 0.110219 0.303704 0.922853 0.628897 0.805116 
0.549067 0.827168 0.98948 0.188217 0.741519 0.295646 0.120277 0.308468 0.19221 0.451096 0.958978 0.693292 0.225617 0.549822 0.249582 0.580097 0 0.798053 0.776988 0.952422 0.780351 0.962795 0.282591 0.741627 0.989921 0.782518 0.271981 0.55358 0.739528 0.608941 0.98726 0.841815 0.868745 0.30635 0.0837214 0.397195 0.529453 0.284977 0.839413 0.229266 0.565019 0.165614 0.0495665 0.665239 0.459319 0.96242 0.304136 0.274434 0.770473 0.0911238 0.236857 0.560823 0.0639192 0.509448 0.312451 0.0638407 0.301966 0.574431 0.607421 0.0514942 0.193372 0.604681 0.88331 0.072117 0.901031 0.957031 0.459312 0.440484 0.252008 0.308725 0.65975 0.807027 0.464339 0.699317 0.482266 0.913658 0.671737 0.776402 0.198092 0.45221 0.857525 0.424949 0.0230329 0.911445 0.924396 0.325483 0.965285 0.236363 0.889915 0.582706 0.277857 0.0932864 0.197387 0.171166 0.155403 0.108418 0.138197 0.604715 0.538902 0.380206 
0.354204 0.731441 0.0776521 0.829594 0.837989 0.506179 0.553584 0.742119 0.330481 0.494529 0.856524 0.437074 0.0867527 0.561521 0.527681 0.685214 0.798053 0 0.90344 0.208652 0.197233 0.377779 0.897969 0.669499 0.301436 0.579706 0.455901 0.489529 0.0419153 0.323426 0.904478 0.0549482 0.24487 0.838874 0.370432 0.220156 0.0852366 0.270346 0.792862 0.353093 0.353633 0.980249 0.51426 0.499036 0.0986665 0.642457 0.113751 0.627568 0.032663 0.0271908 0.82622 0.219896 0.394969 0.734189 0.879395 0.686406 0.323895 0.345296 0.185935 0.355811 0.658722 0.100412 0.400759 0.893592 0.929286 0.76119 0.123748 0.0245228 0.0415367 0.90661 0.367616 0.385169 0.896859 0.871876 0.874205 0.985525 0.524333 0.977956 0.623093 0.546996 0.0151472 0.459314 0.756893 0.400117 0.203503 0.646288 0.0965225 0.517398 0.981584 0.272457 0.863209 0.650305 0.362869 0.273968 0.553897 0.302155 0.0451581 0.667645 0.316678 0.0766948 
0.289283 0.407712 0.571721 0.389467 0.927794 0.742179 0.156538 0.234594 0.428481 0.123298 0.555796 0.528398 0.843385 0.162939 0.783972 0.257324 0.776988 0.90344 0 0.584255 0.674295 0.451864 0.491114 0.556171 0.336069 0.486639 0.0905039 0.324026 0.119733 0.6275 0.329173 0.569046 0.394393 0.719289 0.762549 0.0506805 0.805812 0.289948 0.0422641 0.0882691 0.163157 0.682569 0.441138 0.427124 0.246467 0.733294 0.462282 0.904112 0.0599722 0.528977 0.498367 0.724267 0.970841 0.979481 0.290437 0.316911 0.47612 0.370941 0.630936 0.585853 0.988441 0.950109 0.164899 0.392834 0.679399 0.917449 0.433515 0.495211 0.217397 0.465779 0.57348 0.370553 0.158348 0.0246182 0.787677 0.394815 0.747912 0.25996 0.308927 0.797884 0.778937 0.797294 0.532151 0.759778 0.786776 0.812588 0.0866892 0.272896 0.193529 0.707626 0.848749 0.191971 0.667735 0.0236487 0.574805 0.357133 0.931098 0.0183197 0.842344 0.158494 
0.0718988 0.0913943 0.784043 0.471517 0.440121 0.357027 0.0568393 0.286125 0.89606 0.457475 0.970568 0.209436 0.397141 0.330314 0.708902 0.26753 0.952422 0.208652 0.584255 0 0.474099 0.425824 0.519047 0.622447 0.440442 0.316725 0.0272616 0.198354 0.566685 0.326189 0.986238 0.355622 0.133483 0.528389 0.1254 0.910259 0.350977 0.20209 0.193155 0.534507 0.899715 0.051904 0.716478 0.57745 0.0655527 0.301282 0.924583 0.98665 0.309602 0.776928 0.155144 0.773701 0.212751 0.664192 0.406147 0.643194 0.970917 0.423409 0.831548 0.547601 0.739598 0.827786 0.893223 0.863081 0.366175 0.0286235 0.783339 0.707153 0.220713 0.966494 0.251659 0.130428 0.0283982 0.958137 0.697878 0.0839508 0.269419 0.632462 0.0806011 0.569022 0.419389 0.225745 0.352722 0.622141 0.879937 0.74887 0.275334 0.860854 0.182279 0.116882 0.418455 0.911877 0.934668 0.321678 0.784957 0.310843 0.340302 0.578297 0.0279955 0.551015 
0.428684 0.288887 0.870346 0.137153 0.971107 0.327942 0.749001 0.100843 0.12201 0.813679 0.465181 0.120782 0.717736 0.780707 0.919571 0.363488 0.780351 0.197233 0.674295 0.474099 0 0.554791 0.269655 0.671443 0.573189 0.237792 0.379321 0.64714 0.497211 0.0217827 0.717741 0.0762328 0.431172 0.933486 0.418955 0.0633124 0.823424 0.177825 0.328646 0.694277 0.350104 0.435528 0.122732 0.27198 0.380196 0.43441 0.0669378 0.681039 0.764712 0.635234 0.699034 0.325727 0.200025 0.958689 0.98717 0.763214 0.206481 0.376491 0.420354 0.693692 0.388274 0.148095 0.759925 0.809446 0.0915812 0.18888 0.862758 0.905005 0.356705 0.201404 0.609282 0.696809 0.626932 0.722014 0.95879 0.0171281 0.166424 0.0357273 0.688167 0.921136 0.660962 0.397201 0.256863 0.850987 0.36589 0.254033 0.624201 0.56237 0.620524 0.0545551 0.266062 0.0187979 0.19265 0.0359873 0.818244 0.274231 0.214867 0.691001 0.189236 0.561573 
0.943513 0.367483 0.195717 0.227554 0.616658 0.677344 0.238342 0.018789 0.102189 0.110646 0.27581 0.784112 0.950888 0.203162 0.745068 0.698196 0.962795 0.377779 0.451864 0.425824 0.554791 0 0.882406 0.788518 0.268382 0.519338 0.520532 0.237171 0.526466 0.676956 0.262898 0.224633 0.608093 0.91386 0.611834 0.854956 0.774847 0.967723 0.118989 0.409048 0.540094 0.729513 0.453603 0.796156 0.738311 0.636253 0.822144 0.566555 0.900484 0.047011 0.267556 0.09972 0.598584 0.159962 0.878238 0.856965 0.6693 0.40877 0.104136 0.205767 0.0957261 0.357035 0.4204 0.693819 0.280895 0.0422334 0.558775 0.0657417 0.0199567 0.667764 0.46479 0.55005 0.407278 0.908393 0.356207 0.155589 0.554646 0.18835 0.712144 0.46513 0.225361 0.969701 0.55485 0.813945 0.139663 0.443088 0.68091 0.798963 0.841858 0.775046 0.0147301 0.927584 0.142081 0.42513 0.631403 0.412976 0.457363 0.200178 0.468717 0.46732 
0.984663 0.847445 0.811305 0.319257 0.809417 0.388079 0.375662 0.311972 0.890663 0.805589 0.455834 0.418222 0.164098 0.078705 0.786014 0.106238 0.282591 0.897969 0.491114 0.519047 0.269655 0.882406 0 0.857942 0.923507 0.0273704 0.27522 0.8419 0.373577 0.420809 0.406546 0.551927 0.142953 0.861676 0.767289 0.122654 0.426526 0.591234 0.252317 0.859614 0.282144 0.0612799 0.711471 0.0671902 0.06601 0.649055 0.199271 0.48114 0.290458 0.602247 0.928503 0.480635 0.0809641 0.405823 0.348578 0.0144712 0.423193 0.613798 0.846371 0.78677 0.0446071 0.262917 0.348698 0.17756 0.134592 0.125987 0.290214 0.551118 0.70722 0.532531 0.420731 0.979364 0.583811 0.142202 0.0565543 0.639821 0.781257 0.245825 0.130961 0.081715 0.838072 0.0694638 0.552351 0.909036 0.465287 0.890928 0.913508 0.87848 0.514726 0.769879 0.67525 0.549333 0.0427951 0.033948 0.716894 0.167387 0.149935 0.0171081 0.708505 0.847155 
0.767951 0.668937 0.414145 0.618405 0.0757676 0.767833 0.534556 0.865876 0.876601 0.11676 0.809032 0.513038 0.16769 0.0991705 0.236105 0.96539 0.741627 0.669499 0.556171 0.622447 0.671443 0.788518 0.857942 0 0.539639 0.139236 0.836519 0.13345 0.271439 0.883073 0.763271 0.0626962 0.138899 0.884232 0.134411 0.966971 0.943696 0.676762 0.886007 0.418983 0.57769 0.809515 0.307462 0.102416 0.589394 0.972713 0.641749 0.622189 0.0166605 0.368643 0.779576 0.156595 0.375751 0.498081 0.0137499 0.90539 0.627317 0.840269 0.0488402 0.888756 0.733342 0.802111 0.941452 0.862241 0.696344 0.0858636 0.839212 0.650039 0.752625 0.73522 0.0790219 0.340315 0.554735 0.376484 0.432732 0.154128 0.359197 0.0844807 0.766317 0.365857 0.443124 0.555893 0.512452 0.808874 0.0639736 0.516202 0.724264 0.681291 0.366471 0.763105 0.580047 0.109813 0.575216 0.531499 0.962054 0.28156 0.607363 0.811266 0.921599 0.369988 
0.472434 0.217341 0.663517 0.819679 0.581954 0.244956 0.708352 0.144558 0.614558 0.548049 0.0585238 0.556853 0.920435 0.0808887 0.0379387 0.964341 0.989921 0.301436 0.336069 0.440442 0.573189 0.268382 0.923507 0.539639 0 0.556486 0.010621 0.700304 0.121221 0.377105 0.143035 0.265349 0.726302 0.217516 0.0416654 0.10216 0.65064 0.587558 0.604612 0.469514 0.641532 0.130814 0.203778 0.332822 0.487286 0.956883 0.902869 0.587099 0.542099 0.444369 0.559153 0.813659 0.0617318 0.38042 0.745258 0.42172 0.926906 0.745879 0.132024 0.0581265 0.132984 0.265059 0.313475 0.849287 0.472575 0.345141 0.941446 0.133215 0.922699 0.556058 0.592729 0.57423 0.676872 0.786507 0.897053 0.174158 0.753391 0.809922 0.751257 0.30549 0.264291 0.32041 0.129149 0.316023 0.69083 0.864407 0.727743 0.627736 0.620286 0.849767 0.675863 0.743271 0.124826 0.979338 0.602557 0.587402 0.334478 0.554003 0.710616 0.267177 
0.709498 0.185166 0.169237 0.144441 0.814074 0.780013 0.866757 0.104361 0.0518943 0.416099 0.495424 0.794829 0.705924 0.628379 0.0524369 0.335801 0.782518 0.579706 0.486639 0.316725 0.237792 0.519338 0.0273704 0.139236 0.556486 0 0.120061 0.313345 0.831407 0.786933 0.109853 0.73846 0.951091 0.853243 0.558382 0.712348 0.168733 0.812673 0.0427586 0.287882 0.138696 0.723589 0.162289 0.856439 0.361325 0.772575 0.716206 0.0471878 0.525846 0.831032 0.0365256 0.138403 0.428433 0.361004 0.682406 0.14905 0.618181 0.792467 0.452395 0.459588 0.5894 0.552248 0.208048 0.550492 0.415491 0.75643 0.27284 0.574224 0.579103 0.305599 0.852106 0.707799 0.0391877 0.0243948 0.574238 0.390513 0.78697 0.300443 0.427701 0.322816 0.141475 0.454226 0.451218 0.559908 0.80523 0.143624 0.698958 0.433411 0.926091 0.161353 0.882999 0.525492 0.7036 0.101047 0.0859835 0.129091 0.847478 0.348824 0.693315 0.436581 
0.658902 0.342579 0.37504 0.099976 0.40121 0.55342 0.453669 0.953974 0.768812 0.250374 0.723665 0.899652 0.507396 0.864053 0.590222 0.0686026 0.271981 0.455901 0.0905039 0.0272616 0.379321 0.520532 0.27522 0.836519 0.010621 0.120061 0 0.644422 0.555421 0.15438 0.67361 0.569815 0.718618 0.0741229 0.366785 0.0290615 0.491824 0.679601 0.160536 0.93605 0.140819 0.710445 0.75128 0.274443 0.419402 0.194691 0.210535 0.570755 0.0876904 0.726026 0.284355 0.178738 0.80201 0.403446 0.0362155 0.160834 0.106761 0.462797 0.795256 0.652182 0.607177 0.478866 0.231997 0.335795 0.542989 0.588783 0.354856 0.0448124 0.278384 0.505393 0.970862 0.409203 0.225838 0.732142 0.673647 0.63524 0.916833 0.874181 0.215995 0.0145236 0.610208 0.49035 0.183261 0.422217 0.883797 0.209477 0.573051 0.980558 0.662273 0.378307 0.64274 0.27945 0.847173 0.864737 0.605245 0.400162 0.46352 0.950102 0.434974 0.731904 
0.491967 0.659169 0.146051 0.934668 0.697568 0.446788 0.0433553 0.0755709 0.09995 0.080066 0.0106981 0.292456 0.546139 0.503855 0.942899 0.849732 0.55358 0.489529 0.324026 0.198354 0.64714 0.237171 0.8419 0.13345 0.700304 0.313345 0.644422 0 0.465495 0.415837 0.151107 0.681332 0.157979 0.814754 0.326572 0.0848118 0.698935 0.532567 0.0893354 0.319142 0.0329172 0.262597 0.73136 0.906714 0.462074 0.314411 0.897272 0.134347 0.682717 0.550011 0.403797 0.53989 0.424749 0.0190426 0.930052 0.878269 0.959144 0.375027 0.620173 0.434639 0.780863 0.76128 0.125971 0.928842 0.586034 0.442543 0.0236536 0.294968 0.96511 0.102989 0.604111 0.988027 0.355586 0.34547 0.904741 0.807659 0.649881 0.812012 0.932006 0.342598 0.372024 0.345804 0.872489 0.786773 0.354846 0.812541 0.675042 0.323991 0.197568 0.305215 0.748629 0.968431 0.0764947 0.8646 0.907273 0.652528 0.317143 0.920926 0.937497 0.292253 
0.69053 0.671614 0.423004 0.299239 0.0317743 0.95302 0.513146 0.676647 0.303728 0.3109 0.647385 0.178289 0.470841 0.960224 0.258879 0.675123 0.739528 0.0419153 0.119733 0.566685 0.497211 0.526466 0.373577 0.271439 0.121221 0.831407 0.555421 0.465495 0 0.0339155 0.551608 0.29028 0.379501 0.887078 0.205021 0.197161 0.546959 0.0270333 0.139167 0.879557 0.389057 0.474971 0.762046 0.18583 0.819817 0.584588 0.850871 0.153808 0.772155 0.166086 0.892437 0.750586 0.232581 0.767038 0.667859 0.875109 0.094181 0.598786 0.822606 0.376434 0.622701 0.384213 0.656714 0.0122025 0.281291 0.851735 0.199363 0.81825 0.868769 0.32853 0.707808 0.267826 0.793501 0.479854 0.443656 0.623318 0.0744416 0.304527 0.767125 0.836597 0.460613 0.669563 0.597183 0.683194 0.4466 0.275043 0.568303 0.530781 0.863829 0.400909 0.897215 0.49653 0.775123 0.56393 0.498732 0.066414 0.425665 0.688095 0.874664 0.304434 
0.142572 0.0879697 0.776626 0.863887 0.410192 0.131077 0.627416 0.868284 0.844216 0.0133318 0.615181 0.349147 0.279892 0.289451 0.215083 0.542696 0.608941 0.323426 0.6275 0.326189 0.0217827 0.676956 0.420809 0.883073 0.377105 0.786933 0.15438 0.415837 0.0339155 0 0.0266254 0.592472 0.56226 0.810126 0.0823259 0.0159152 0.443444 0.146767 0.310442 0.220569 0.973364 0.761056 0.880132 0.580548 0.45425 0.336732 0.845591 0.0325531 0.857513 0.719419 0.423462 0.764729 0.225949 0.208585 0.338658 0.714681 0.264999 0.754323 0.412777 0.149663 0.068757 0.429402 0.732135 0.621017 0.249528 0.804461 0.626932 0.682972 0.941228 0.927374 0.893541 0.924593 0.69843 0.783673 0.515141 0.16268 0.130405 0.370732 0.185233 0.977919 0.100151 0.598695 0.752647 0.3161 0.79728 0.101305 0.0407814 0.0722789 0.845629 0.443558 0.211942 0.904386 0.86296 0.934077 0.535402 0.122489 0.748538 0.172334 0.795461 0.699766 
0.0398473 0.695991 0.738826 0.567681 0.456373 0.121276 0.314629 0.429243 0.205011 0.756647 0.372707 0.476346 0.374853 0.649751 0.588654 0.109436 0.98726 0.904478 0.329173 0.986238 0.717741 0.262898 0.406546 0.763271 0.143035 0.109853 0.67361 0.151107 0.551608 0.0266254 0 0.109709 0.699002 0.634359 0.798139 0.492675 0.1595 0.950818 0.613081 0.520232 0.146051 0.600999 0.610382 0.734747 0.363646 0.916482 0.542027 0.454952 0.947264 0.604306 0.31058 0.400822 0.806248 0.224966 0.273782 0.750325 0.750369 0.386271 0.508863 0.912703 0.191732 0.218629 0.0324115 0.880734 0.842988 0.82055 0.383409 0.0124884 0.781368 0.98649 0.52272 0.91742 0.597489 0.143102 0.662166 0.951135 0.0695846 0.214193 0.416087 0.0268482 0.808498 0.716667 0.41767 0.624746 0.931633 0.681452 0.385071 0.692002 0.0777231 0.883933 0.614705 0.259455 0.112562 0.637117 0.150188 0.945551 0.467667 0.523597 0.948039 0.259035 
0.440988 0.140929 0.36217 0.432757 0.808435 0.446844 0.731672 0.37346 0.544448 0.783721 0.981785 0.262268 0.243679 0.0246762 0.51451 0.920216 0.841815 0.0549482 0.569046 0.355622 0.0762328 0.224633 0.551927 0.0626962 0.265349 0.73846 0.569815 0.681332 0.29028 0.592472 0.109709 0 0.520087 0.480759 0.186455 0.127576 0.613861 0.838621 0.0887106 0.673446 0.0628138 0.494797 0.690294 0.861312 0.221464 0.117964 0.496058 0.163098 0.789416 0.871129 0.8451 0.857139 0.765062 0.469805 0.126594 0.867625 0.116922 0.266783 0.823176 0.574588 0.78038 0.781215 0.823623 0.310467 0.271974 0.0200776 0.428043 0.875835 0.848698 0.506753 0.559281 0.901512 0.0115505 0.259575 0.772825 0.223015 0.367539 0.278883 0.376113 0.166955 0.160012 0.231213 0.0340946 0.915075 0.691018 0.150689 0.792699 0.797939 0.407471 0.625875 0.382527 0.197851 0.417089 0.21615 0.498318 0.679063 0.226228 0.916361 0.564898 0.0849261 
0.711885 0.595166 0.33202 0.482872 0.529745 0.489657 0.555455 0.350477 0.542054 0.23985 0.78448 0.822222 0.37483 0.0512902 0.161578 0.653777 0.868745 0.24487 0.394393 0.133483 0.431172 0.608093 0.142953 0.138899 0.726302 0.951091 0.718618 0.157979 0.379501 0.56226 0.699002 0.520087 0 0.433114 0.134179 0.976438 0.434665 0.383753 0.759263 0.64768 0.741292 0.0481461 0.0337923 0.898247 0.198158 0.255005 0.922342 0.123233 0.936022 0.0830304 0.905932 0.743962 0.480502 0.541807 0.136489 0.668353 0.948897 0.342639 0.176671 0.63796 0.558866 0.103032 0.212858 0.633793 0.526146 0.337036 0.620231 0.950811 0.710789 0.389494 0.608491 0.462081 0.42764 0.632283 0.370328 0.615798 0.877288 0.30267 0.729031 0.82331 0.3757 0.644963 0.577272 0.846202 0.196771 0.703761 0.524555 0.155667 0.0563993 0.691226 0.783627 0.605266 0.784258 0.986484 0.249058 0.320405 0.33352 0.859289 0.281216 0.0543096 
0.617056 0.0335943 0.985161 0.395917 0.0188536 0.570735 0.122907 0.77103 0.313202 0.812804 0.167881 0.765907 0.689032 0.0359723 0.573583 0.731392 0.30635 0.838874 0.719289 0.528389 0.933486 0.91386 0.861676 0.884232 0.217516 0.853243 0.0741229 0.814754 0.887078 0.810126 0.634359 0.480759 0.433114 0 0.258783 0.879706 0.506391 0.676424 0.521989 0.866719 0.302222 0.409277 0.179389 0.0412534 0.242587 0.545089 0.676217 0.809859 0.401291 0.862987 0.523619 0.915846 0.0286546 0.570019 0.617072 0.802281 0.185284 0.41133 0.798766 0.424343 0.721734 0.142286 0.293632 0.0129499 0.186596 0.542415 0.882656 0.682987 0.228839 0.414645 0.559706 0.521061 0.813922 0.729094 0.552314 0.0665084 0.284183 0.238531 0.866367 0.675474 0.111519 0.399986 0.601319 0.130173 0.960005 0.228391 0.922455 0.155289 0.629721 0.731221 0.569632 0.361455 0.863507 0.853264 0.364405 0.0601029 0.405679 0.257061 0.73309 0.624518 
0.788156 0.145507 0.639107 0.437032 0.332315 0.645395 0.19773 0.287706 0.134531 0.409008 0.285269 0.671947 0.192725 0.317874 0.693383 0.133519 0.0837214 0.370432 0.762549 0.1254 0.418955 0.611834 0.767289 0.134411 0.0416654 0.558382 0.366785 0.326572 0.205021 0.0823259 0.798139 0.186455 0.134179 0.258783 0 0.661706 0.302795 0.155579 0.485627 0.0418895 0.697893 0.542136 0.316073 0.926424 0.418503 0.981547 0.0479431 0.808489 0.592866 0.168116 0.778494 0.811257 0.100571 0.923783 0.450978 0.821792 0.503415 0.802433 0.695299 0.366679 0.176838 0.745402 0.762358 0.423899 0.488491 0.396876 0.0956054 0.781286 0.542454 0.571233 0.813176 0.250348 0.123369 0.139249 0.186772 0.531872 0.130795 0.224715 0.350361 0.713661 0.382832 0.138856 0.534919 0.473403 0.0726391 0.975897 0.305195 0.566054 0.78833 0.0104937 0.922733 0.955168 0.745896 0.695091 0.389068 0.244387 0.101967 0.474673 0.0356733 0.634421 
0.973024 0.759563 0.522735 0.170486 0.413909 0.606237 0.834022 0.568284 0.623356 0.481982 0.0452813 0.721583 0.151357 0.610411 0.923562 0.982066 0.397195 0.220156 0.0506805 0.910259 0.0633124 0.854956 0.122654 0.966971 0.10216 0.712348 0.0290615 0.0848118 0.197161 0.0159152 0.492675 0.127576 0.976438 0.879706 0.661706 0 0.0559059 0.838849 0.874769 0.169275 0.968098 0.0715408 0.691147 0.108893 0.286256 0.0515079 0.812555 0.659087 0.180364 0.357473 0.14249 0.243003 0.34337 0.437685 0.799057 0.1417 0.438179 0.73179 0.106868 0.194074 0.436881 0.485936 0.428461 0.528848 0.950609 0.454135 0.173269 0.0165148 0.302984 0.0580381 0.17579 0.281082 0.119579 0.856936 0.379975 0.395835 0.898444 0.20253 0.0649223 0.0888077 0.550003 0.197413 0.32181 0.883373 0.625098 0.130868 0.035073 0.0732767 0.852658 0.131941 0.257351 0.299539 0.607877 0.675813 0.818388 0.568486 0.139947 0.981657 0.575001 0.432931 
0.78414 0.683119 0.687198 0.138258 0.947078 0.312898 0.751088 0.944953 0.702229 0.551738 0.606071 0.172925 0.975023 0.892412 0.86791 0.7085 0.529453 0.0852366 0.805812 0.350977 0.823424 0.774847 0.426526 0.943696 0.65064 0.168733 0.491824 0.698935 0.546959 0.443444 0.1595 0.613861 0.434665 0.506391 0.302795 0.0559059 0 0.0496951 0.74079 0.704013 0.159274 0.607727 0.0939883 0.545109 0.516171 0.286518 0.600031 0.594978 0.826522 0.787444 0.906789 0.719895 0.422541 0.0476564 0.744968 0.485818 0.890314 0.866909 0.733169 0.199854 0.484786 0.418982 0.0282413 0.0632718 0.548929 0.0198983 0.628273 0.97186 0.0595933 0.379063 0.685873 0.208867 0.976789 0.769861 0.743976 0.50296 0.0663796 0.354007 0.107939 0.882901 0.15145 0.0247276 0.612796 0.563992 0.0623841 0.367764 0.05981 0.942698 0.244672 0.782979 0.152552 0.719458 0.211961 0.170793 0.77273 0.75089 0.180692 0.411003 0.73275 0.230285 
0.700058 0.513319 0.882036 0.64404 0.487734 0.742251 0.62357 0.180474 0.612262 0.291295 0.340642 0.221806 0.570247 0.24467 0.094949 0.523908 0.284977 0.270346 0.289948 0.20209 0.177825 0.967723 0.591234 0.676762 0.587558 0.812673 0.679601 0.532567 0.0270333 0.146767 0.950818 0.838621 0.383753 0.676424 0.155579 0.838849 0.0496951 0 0.780066 0.428623 0.429152 0.766855 0.208485 0.183128 0.279815 0.264864 0.527135 0.377754 0.157765 0.668586 0.392482 0.760561 0.242577 0.444866 0.138325 0.292387 0.397564 0.372997 0.0853667 0.540116 0.102455 0.287328 0.70091 0.865186 0.0482178 0.871601 0.286188 0.770968 0.111886 0.0762541 0.209591 0.531039 0.833109 0.408076 0.704167 0.122925 0.66294 0.241302 0.490679 0.810705 0.899888 0.873161 0.581266 0.152465 0.328026 0.70959 0.434853 0.715591 0.0925874 0.510219 0.265707 0.185043 0.787547 0.956616 0.0602285 0.825765 0.838218 0.336417 0.606733 0.940104 
0.695788 0.662372 0.243555 0.592067 0.183579 0.339852 0.812969 0.175274 0.0630763 0.373084 0.756595 0.205111 0.421695 0.240491 0.200784 0.752647 0.839413 0.792862 0.0422641 0.193155 0.328646 0.118989 0.252317 0.886007 0.604612 0.0427586 0.160536 0.0893354 0.139167 0.310442 0.613081 0.0887106 0.759263 0.521989 0.485627 0.874769 0.74079 0.780066 0 0.402671 0.806324 0.481143 0.24578 0.224399 0.195309 0.358705 0.877339 0.426611 0.839384 0.698043 0.336499 0.722544 0.289309 0.478964 0.0605706 0.9889 0.903817 0.766161 0.0914869 0.424036 0.0418679 0.26653 0.221583 0.988484 0.316758 0.0573475 0.836702 0.643175 0.65408 0.786806 0.0558461 0.470404 0.277949 0.291626 0.684803 0.463258 0.640331 0.572141 0.879869 0.489715 0.280185 0.226369 0.222259 0.559494 0.695333 0.27283 0.558394 0.609149 0.0489911 0.63988 0.0431853 0.0808589 0.89641 0.254768 0.0793432 0.223168 0.302116 0.906045 0.856344 0.946196 
0.582394 0.511511 0.708882 0.91432 0.849035 0.843071 0.0922422 0.773982 0.562565 0.665679 0.199259 0.932667 0.0287327 0.643901 0.506312 0.619413 0.229266 0.353093 0.0882691 0.534507 0.694277 0.409048 0.859614 0.418983 0.469514 0.287882 0.93605 0.319142 0.879557 0.220569 0.520232 0.673446 0.64768 0.866719 0.0418895 0.169275 0.704013 0.428623 0.402671 0 0.702851 0.90219 0.426599 0.9708 0.203816 0.121402 0.444058 0.834147 0.683543 0.333927 0.333862 0.953728 0.550296 0.546122 0.523222 0.255628 0.808952 0.0916158 0.854778 0.847943 0.721496 0.887963 0.918802 0.627906 0.152731 0.988145 0.841075 0.444847 0.90419 0.707418 0.401042 0.617041 0.619608 0.817642 0.597841 0.813424 0.929044 0.0518983 0.657571 0.622587 0.375825 0.981434 0.586316 0.916121 0.537556 0.119538 0.181749 0.356508 0.201154 0.0465269 0.214451 0.91265 0.92449 0.143252 0.550556 0.0872209 0.141397 0.401631 0.522068 0.0555874 
0.865394 0.792141 0.341976 0.130895 0.525306 0.630795 0.669988 0.134005 0.182913 0.0528416 0.709642 0.907125 0.0781929 0.484096 0.720499 0.635895 0.565019 0.353633 0.163157 0.899715 0.350104 0.540094 0.282144 0.57769 0.641532 0.138696 0.140819 0.0329172 0.389057 0.973364 0.146051 0.0628138 0.741292 0.302222 0.697893 0.968098 0.159274 0.429152 0.806324 0.702851 0 0.119049 0.91311 0.662628 0.728658 0.740752 0.270469 0.552082 0.679796 0.312367 0.219653 0.312383 0.678193 0.211087 0.888699 0.604314 0.738643 0.0182364 0.776063 0.10515 0.20939 0.81259 0.309601 0.13204 0.747079 0.442853 0.672596 0.8243 0.574251 0.0842273 0.356368 0.619838 0.193277 0.279478 0.292466 0.911934 0.0302298 0.552936 0.474016 0.700025 0.855303 0.683669 0.0224085 0.543496 0.884756 0.901107 0.157809 0.633399 0.909344 0.923872 0.728549 0.128734 0.746462 0.04815 0.250774 0.503541 0.481003 0.91337 0.337842 0.0652539 
0.0611392 0.618222 0.675337 0.55799 0.883383 0.23334 0.715635 0.811436 0.605195 0.946233 0.259715 0.848878 0.917425 0.104257 0.959217 0.117097 0.165614 0.980249 0.682569 0.051904 0.435528 0.729513 0.0612799 0.809515 0.130814 0.723589 0.710445 0.262597 0.474971 0.761056 0.600999 0.494797 0.0481461 0.409277 0.542136 0.0715408 0.607727 0.766855 0.481143 0.90219 0.119049 0 0.987597 0.68421 0.675092 0.190874 0.953688 0.957558 0.112808 0.973917 0.520494 0.576824 0.683943 0.385797 0.270493 0.696351 0.919293 0.165249 0.607459 0.0871022 0.788648 0.526802 0.0209745 0.527197 0.645536 0.757436 0.565347 0.886309 0.270978 0.0563501 0.809679 0.598819 0.111604 0.807276 0.293029 0.776696 0.98815 0.256717 0.744254 0.110958 0.240634 0.274748 0.677782 0.914577 0.650545 0.938275 0.620929 0.579838 0.113524 0.238387 0.65694 0.892172 0.755189 0.667915 0.429369 0.410725 0.435351 0.984715 0.307034 0.696329 
0.817974 0.864786 0.149616 0.240614 0.552836 0.247592 0.343963 0.963751 0.0182151 0.727193 0.29053 0.435777 0.953086 0.411796 0.776662 0.0477162 0.0495665 0.51426 0.441138 0.716478 0.122732 0.453603 0.711471 0.307462 0.203778 0.162289 0.75128 0.73136 0.762046 0.880132 0.610382 0.690294 0.0337923 0.179389 0.316073 0.691147 0.0939883 0.208485 0.24578 0.426599 0.91311 0.987597 0 0.0510656 0.126713 0.305148 0.15267 0.923989 0.588177 0.919366 0.922139 0.834894 0.67362 0.0430974 0.0855279 0.938368 0.71088 0.0101051 0.598913 0.659155 0.621034 0.188751 0.762679 0.849421 0.835691 0.664851 0.61461 0.513606 0.10422 0.035335 0.938957 0.0989353 0.332369 0.645285 0.140001 0.449083 0.940433 0.282671 0.383072 0.53861 0.212036 0.315211 0.383504 0.875656 0.348309 0.459032 0.824024 0.0691882 0.459137 0.432937 0.718343 0.0901708 0.611688 0.491022 0.929592 0.457379 0.165874 0.554202 0.960985 0.260093 
0.0912133 0.873948 0.0671145 0.0746281 0.0563366 0.118342 0.445326 0.482262 0.627922 0.846562 0.0879474 0.534501 0.888368 0.0411766 0.230444 0.172862 0.665239 0.499036 0.427124 0.57745 0.27198 0.796156 0.0671902 0.102416 0.332822 0.856439 0.274443 0.906714 0.18583 0.580548 0.734747 0.861312 0.898247 0.0412534 0.926424 0.108893 0.545109 0.183128 0.224399 0.9708 0.662628 0.68421 0.0510656 0 0.579537 0.909941 0.349029 0.901906 0.565227 0.47903 0.360989 0.51566 0.7517 0.73406 0.0642703 0.953737 0.0592715 0.437774 0.839392 0.39758 0.886806 0.673416 0.456768 0.355944 0.116353 0.185111 0.436114 0.718041 0.666134 0.375706 0.18542 0.822007 0.919908 0.156404 0.0921008 0.509444 0.0763458 0.43113 0.42135 0.631572 0.900159 0.772339 0.157232 0.66186 0.516399 0.211503 0.625596 0.565671 0.639277 0.474988 0.953251 0.536084 0.158405 0.420019 0.882027 0.264758 0.59513 0.328142 0.972799 0.271264 
