100
0 0.563334 0.284208 0.21805 0.105826 0.363646 0.953003 0.0419835 0.489306 0.190927 0.683742 0.615852 0.372565 0.68876 0.145024 0.287599 0.453775 0.681556 0.448313 0.924678 0.0361112 0.847254 0.125075 0.204042 0.632029 0.229044 0.135203 0.949357 0.91013 0.195312 0.318749 0.80713 0.748646 0.592957 0.0351803 0.844472 0.946603 0.978184 0.876456 0.445909 0.179111 0.570198 0.0717611 0.541676 0.268958 0.206785 0.819275 0.712733 0.878341 0.277589 0.647412 0.904453 0.134842 0.762486 0.118494 0.756872 0.98153 0.243698 0.716229 0.90166 0.42901 0.0449779 0.71879 0.187655 0.627935 0.74397 0.0421279 0.584538 0.732154 0.908584 0.0404467 0.901265 0.488782 0.102208 0.452941 0.747739 0.298993 0.282217 0.470472 0.187334 0.549805 0.127884 0.101787 0.674647 0.88037 0.210281 0.441519 0.8719 0.443979 0.167748 0.78356 0.862989 0.202726 0.51235 0.060644 0.82066 0.266321 0.0927718 0.415198 0.988475 
0.563334 0 0.0113556 0.445645 0.89974 0.490137 0.537853 0.362682 0.247876 0.826846 0.634898 0.708349 0.0241802 0.194703 0.826233 0.115967 0.859351 0.716603 0.316248 0.31087 0.598503 0.750227 0.468617 0.392063 0.623216 0.661343 0.894413 0.67386 0.492003 0.170734 0.756632 0.897202 0.169209 0.757987 0.352847 0.0789496 0.258124 0.8807 0.431631 0.496001 0.717546 0.0765296 0.21435 0.731726 0.261233 0.0505825 0.837693 0.130584 0.757185 0.163942 0.431453 0.365688 0.904169 0.890071 0.747751 0.537385 0.561414 0.652164 0.221245 0.0634171 0.812898 0.967877 0.950619 0.972108 0.735864 0.313466 0.0610571 0.983989 0.204166 0.482688 0.48999 0.911712 0.549218 0.694339 0.653438 0.800451 0.734922 0.501132 0.921035 0.502107 0.655073 0.362488 0.857795 0.569243 0.262559 0.615546 0.116628 0.813972 0.277711 0.327873 0.86739 0.100609 0.30575 0.828009 0.0827167 0.0516142 0.151475 0.133774 0.0456029 0.345641 
0.284208 0.0113556 0 0.606462 0.525592 0.267353 0.16568 0.229932 0.910791 0.956131 0.954853 0.421923 0.887166 0.46696 0.0869959 0.259654 0.334755 0.646238 0.512213 0.940302 0.752866 0.336185 0.228012 0.0907394 0.213575 0.318621 0.386489 0.0515832 0.391338 0.428104 0.193058 0.515112 0.463706 0.528698 0.131574 0.979299 0.786051 0.287254 0.21923 0.706842 0.253386 0.184084 0.138765 0.150552 0.641044 0.215761 0.400206 0.9658 0.851999 0.902418 0.916101 0.614865 0.248603 0.154114 0.695605 0.452178 0.462735 0.0920942 0.493761 0.844073 0.510198 0.676819 0.369185 0.963904 0.215517 0.490759 0.953203 0.0115685 0.768013 0.182433 0.708411 0.0313992 0.356517 0.837175 0.171951 0.987561 0.0629361 0.562156 0.963361 0.904935 0.474575 0.889462 0.529801 0.713178 0.0535754 0.235406 0.175356 0.50631 0.3175 0.659117 0.360383 0.817698 0.345936 0.719568 0.791602 0.551454 0.220327 0.754805 0.553022 0.978341 
0.21805 0.445645 0.606462 0 0.927238 0.271433 0.0197399 0.293755 0.118608 0.181691 0.291316 0.171544 0.733847 0.264677 0.0864794 0.218422 0.164139 0.60628 0.9216 0.207714 0.831686 0.106957 0.704025 0.159186 0.756074 0.0744079 0.966883 0.11201 0.783976 0.768485 0.653464 0.0143035 0.53329 0.216486 0.982644 0.470528 0.477919 0.0123842 0.754283 0.586527 0.184075 0.0555996 0.748071 0.907922 0.310277 0.824551 0.136344 0.464415 0.440831 0.0679445 0.66213 0.282517 0.164901 0.376154 0.431702 0.910975 0.440562 0.408585 0.0329853 0.234538 0.18707 0.676449 0.238842 0.71036 0.882935 0.231486 0.190888 0.370854 0.23387 0.935172 0.947381 0.407945 0.980771 0.705453 0.325867 0.301048 0.540003 0.452212 0.755463 0.970834 0.510156 0.427593 0.263351 0.665057 0.793747 0.685053 0.586032 0.244309 0.103638 0.609017 0.468847 0.280709 0.295467 0.697689 0.981069 0.188402 0.919175 0.181957 0.549256 0.163045 
0.105826 0.89974 0.525592 0.927238 0 0.127129 0.506637 0.56099 0.1179 0.22209 0.876858 0.408948 0.752093 0.339069 0.174411 0.732928 0.839225 0.592004 0.986278 0.514282 0.395751 0.681332 0.110314 0.63006 0.77497 0.709332 0.108907 0.0656789 0.0147984 0.796596 0.056748 0.1932 0.725771 0.228705 0.732457 0.878817 0.345834 0.249094 0.449807 0.453734 0.461184 0.336665 0.852682 0.223278 0.665734 0.0370936 0.946205 0.51496 0.619098 0.942484 0.0392421 0.0248485 0.633815 0.139557 0.644909 0.418785 0.838888 0.743816 0.474464 0.843687 0.550412 0.521212 0.0468871 0.286184 0.739917 0.769344 0.175 0.0957516 0.0284377 0.614808 0.539486 0.479622 0.941473 0.402168 0.692899 0.617207 0.429262 0.649104 0.142167 0.0583596 0.601588 0.171409 0.0732081 0.245403 0.300965 0.708117 0.654188 0.149854 0.461932 0.138652 0.983541 0.0223446 0.649864 0.0404276 0.298528 0.399782 0.799771 0.463529 0.485533 0.818209 
0.363646 0.490137 0.267353 0.271433 0.127129 0 0.0883362 0.0350193 0.307831 0.0398088 0.427188 0.0107303 0.647016 0.84645 0.649835 0.779183 0.894809 0.261423 0.940591 0.958017 0.496826 0.251557 0.676134 0.161014 0.391411 0.148066 0.289666 0.384951 0.160411 0.929531 0.415379 0.448939 0.339312 0.22515 0.902468 0.814845 0.0533592 0.980804 0.839865 0.35119 0.0306127 0.277052 0.35192 0.667629 0.133502 0.0117551 0.456811 0.0383113 0.263178 0.407402 0.986329 0.750004 0.648959 0.672463 0.901018 0.0503699 0.810529 0.200684 0.425321 0.96094 0.140215 0.8307 0.419879 0.469527 0.0658498 0.332347 0.294372 0.109209 0.323151 0.144237 0.450399 0.343764 0.411289 0.792319 0.0213922 0.534791 0.794074 0.468203 0.563102 0.0672523 0.865606 0.559431 0.807256 0.524565 0.241893 0.718274 0.564935 0.0624227 0.908958 0.980256 0.033363 0.0591728 0.820956 0.443242 0.5187 0.876805 0.765589 0.803072 0.976014 0.0987405 
0.953003 0.537853 0.16568 0.0197399 0.506637 0.0883362 0 0.937308 0.436413 0.432504 0.358597 0.238733 0.443896 0.883388 0.0428073 0.9021 0.45649 0.10006 0.777705 0.0259202 0.897316 0.31227 0.257814 0.62559 0.867205 0.310236 0.544548 0.857461 0.333599 0.593721 0.688416 0.766842 0.12242 0.575222 0.542431 0.915492 0.561236 0.631172 0.8628 0.98765 0.0736758 0.231397 0.236383 0.507572 0.124784 0.26919 0.419672 0.571274 0.35925 0.207377 0.587194 0.266565 0.509647 0.835008 0.882155 0.386852 0.155244 0.436703 0.254313 0.478844 0.0404236 0.93273 0.255685 0.152844 0.517951 0.788116 0.0783358 0.0891877 0.429288 0.931136 0.0868374 0.492964 0.172533 0.31322 0.0105361 0.287317 0.57241 0.420208 0.848591 0.92166 0.617585 0.445785 0.198225 0.137232 0.290793 0.09038 0.514084 0.436037 0.517083 0.758397 0.90488 0.547506 0.701126 0.170566 0.69035 0.229078 0.948682 0.758686 0.308265 0.38797 
0.0419835 0.362682 0.229932 0.293755 0.56099 0.0350193 0.937308 0 0.699822 0.385103 0.870934 0.862354 0.688323 0.87147 0.159671 0.270733 0.301678 0.0182622 0.202392 0.909262 0.454047 0.390617 0.056494 0.73484 0.470997 0.560578 0.180876 0.97808 0.328974 0.0957568 0.535586 0.0401005 0.256322 0.235937 0.259178 0.215004 0.984623 0.557443 0.592975 0.694445 0.932546 0.473909 0.566799 0.630869 0.355379 0.716471 0.891602 0.647057 0.724733 0.103994 0.56632 0.18878 0.484611 0.612814 0.913619 0.945608 0.183391 0.104496 0.933688 0.502366 0.190253 0.479274 0.532466 0.436575 0.705211 0.781644 0.641579 0.699834 0.349088 0.244554 0.404279 0.291634 0.708463 0.961078 0.912503 0.073842 0.687549 0.814105 0.710899 0.422281 0.908099 0.287219 0.601061 0.40271 0.890032 0.524681 0.358318 0.0834233 0.619177 0.302006 0.575789 0.799429 0.77128 0.118255 0.246004 0.486491 0.889899 0.877584 0.196326 0.248987 
0.489306 0.247876 0.910791 0.118608 0.1179 0.307831 0.436413 0.699822 0 0.132138 0.590604 0.530621 0.8306 0.561682 0.453124 0.894442 0.259231 0.277228 0.615341 0.671512 0.195327 0.89256 0.282574 0.588037 0.792592 0.797254 0.936355 0.866015 0.426431 0.248361 0.451804 0.23586 0.029641 0.560059 0.471864 0.506132 0.459958 0.359447 0.692458 0.698945 0.481585 0.293062 0.239566 0.322185 0.844745 0.68269 0.226628 0.113976 0.949918 0.831969 0.775488 0.155245 0.734529 0.0680617 0.733282 0.537121 0.855316 0.679637 0.413136 0.291747 0.917998 0.854941 0.517606 0.937639 0.425 0.97947 0.453771 0.874958 0.348918 0.156229 0.583903 0.820503 0.439292 0.813469 0.152688 0.294037 0.506159 0.369316 0.398012 0.466077 0.211285 0.1835 0.611323 0.935814 0.241562 0.354605 0.482935 0.106878 0.0442424 0.886071 0.388625 0.95224 0.751012 0.896231 0.899879 0.186011 0.885701 0.363651 0.0709697 0.244619 
0.190927 0.826846 0.956131 0.181691 0.22209 0.0398088 0.432504 0.385103 0.132138 0 0.50988 0.644873 0.0751223 0.939172 0.468343 0.217811 0.243209 0.964502 0.577126 0.631221 0.440579 0.778411 0.804721 0.0619019 0.724225 0.0562832 0.406507 0.21716 0.153161 0.440749 0.11323 0.531786 0.40299 0.854242 0.438017 0.312869 0.0502535 0.333718 0.66652 0.111223 0.568338 0.1864 0.746096 0.63346 0.135572 0.224439 0.84127 0.368781 0.198941 0.428397 0.0100017 0.62952 0.216808 0.804723 0.681422 0.931033 0.851006 0.0979287 0.158192 0.0141673 0.528678 0.261423 0.535953 0.921668 0.125665 0.96397 0.244537 0.165918 0.307688 0.901057 0.267142 0.866025 0.097457 0.0232381 0.509485 0.223029 0.237677 0.360756 0.58181 0.426618 0.779152 0.581812 0.0661375 0.98596 0.396535 0.737559 0.926993 0.257541 0.825488 0.0951854 0.261708 0.364166 0.346608 0.787661 0.295834 0.462273 0.761631 0.530371 0.618192 0.0793188 
0.683742 0.634898 0.954853 0.291316 0.876858 0.427188 0.358597 0.870934 0.590604 0.50988 0 0.441427 0.875333 0.935344 0.528885 0.888571 0.454829 0.741914 0.136248 0.805585 0.333724 0.552866 0.594737 0.905536 0.609004 0.590697 0.312071 0.356563 0.52769 0.559612 0.192051 0.612876 0.81132 0.546217 0.949484 0.608981 0.83205 0.421757 0.380612 0.372421 0.049949 0.449931 0.803849 0.915282 0.395275 0.342733 0.813854 0.840104 0.0946469 0.940102 0.655689 0.418371 0.502968 0.260426 0.333907 0.121972 0.841124 0.635978 0.468535 0.378814 0.205589 0.650586 0.98169 0.026909 0.206802 0.941174 0.62589 0.0488527 0.372932 0.0165018 0.411274 0.412881 0.456432 0.225122 0.338163 0.841707 0.557855 0.162017 0.691812 0.642502 0.112119 0.357501 0.0708734 0.605087 0.607927 0.39478 0.717059 0.459051 0.040758 0.195594 0.827866 0.236347 0.83618 0.819556 0.253256 0.052982 0.77073 0.869146 0.0918347 0.153661 
0.615852 0.708349 0.421923 0.171544 0.408948 0.0107303 0.238733 0.862354 0.530621 0.644873 0.441427 0 0.875648 0.493108 0.556542 0.34208 0.708231 0.884705 0.193788 0.276086 0.0567213 0.875599 0.908589 0.15884 0.2431 0.969462 0.753927 0.841028 0.374242 0.480986 0.310079 0.405 0.66658 0.147945 0.631348 0.51276 0.9575 0.874604 0.555742 0.73823 0.75375 0.637577 0.881891 0.639398 0.140685 0.448433 0.971478 0.838916 0.343138 0.175266 0.125002 0.389859 0.0608656 0.0435909 0.538699 0.293966 0.0230529 0.302626 0.144994 0.387295 0.773613 0.445073 0.782296 0.450193 0.583018 0.423643 0.952953 0.550518 0.308247 0.518695 0.298748 0.071997 0.166272 0.190639 0.701395 0.296957 0.629072 0.682873 0.145873 0.96221 0.848139 0.260875 0.362069 0.899005 0.294466 0.890768 0.202971 0.307519 0.203394 0.337965 0.684814 0.967007 0.773038 0.47711 0.4272 0.366056 0.890753 0.390152 0.906575 0.209 
0.372565 0.0241802 0.887166 0.733847 0.752093 0.647016 0.443896 0.688323 0.8306 0.0751223 0.875333 0.875648 0 0.898847 0.215323 0.270997 0.0751188 0.395962 0.962392 0.362075 0.0350346 0.655265 0.497948 0.987245 0.513404 0.748823 0.359314 0.422409 0.053289 0.260082 0.615381 0.350808 0.453476 0.943346 0.0456216 0.430482 0.726384 0.512731 0.847682 0.102441 0.413484 0.247834 0.0190153 0.612484 0.156682 0.224338 0.87348 0.2218 0.6103 0.845872 0.573876 0.635335 0.511137 0.081824 0.63258 0.034541 0.820647 0.981893 0.44695 0.863936 0.251975 0.072331 0.224744 0.695451 0.0256768 0.260365 0.135933 0.742061 0.763097 0.973615 0.834502 0.186581 0.231449 0.843517 0.789064 0.378131 0.0778552 0.672544 0.589931 0.678156 0.528416 0.173807 0.323491 0.0495527 0.245631 0.94607 0.0740936 0.0762782 0.937963 0.511044 0.930214 0.199938 0.573375 0.164958 0.885389 0.589052 0.415324 0.0313218 0.341113 0.18842 
0.68876 0.194703 0.46696 0.264677 0.339069 0.84645 0.883388 0.87147 0.561682 0.939172 0.935344 0.493108 0.898847 0 0.0149368 0.185615 0.365001 0.236386 0.0391317 0.164065 0.604517 0.106987 0.826609 0.204448 0.775142 0.365025 0.368255 0.108633 0.404578 0.603886 0.0647032 0.468672 0.670164 0.0126666 0.969716 0.610379 0.202605 0.55309 0.765337 0.0979937 0.152142 0.190661 0.119316 0.483255 0.369081 0.124252 0.65887 0.724082 0.350638 0.688001 0.878147 0.945155 0.784988 0.714756 0.159603 0.570131 0.089781 0.517858 0.668764 0.484359 0.131744 0.723467 0.94303 0.791909 0.726133 0.922746 0.412287 0.918738 0.485836 0.187624 0.026732 0.627979 0.368285 0.136048 0.121234 0.727365 0.2503 0.770103 0.461447 0.590938 0.468104 0.349594 0.546093 0.263092 0.0743495 0.695697 0.823223 0.15413 0.223555 0.501987 0.628489 0.345299 0.235453 0.58152 0.147208 0.951587 0.514265 0.549495 0.880325 0.0101018 
0.145024 0.826233 0.0869959 0.0864794 0.174411 0.649835 0.0428073 0.159671 0.453124 0.468343 0.528885 0.556542 0.215323 0.0149368 0 0.727119 0.897057 0.62808 0.105404 0.0431046 0.739314 0.82277 0.283404 0.519417 0.294217 0.864343 0.977521 0.63381 0.420436 0.250614 0.69816 0.126133 0.0838365 0.84229 0.339688 0.575823 0.48078 0.674987 0.801277 0.0722992 0.812195 0.762863 0.576565 0.37169 0.653189 0.576666 0.10881 0.560246 0.214747 0.204214 0.59335 0.944061 0.0369832 0.866755 0.473477 0.3212 0.741097 0.460999 0.94501 0.171533 0.701612 0.65317 0.287666 0.775449 0.50546 0.617354 0.361272 0.97624 0.302341 0.172548 0.0585392 0.124536 0.925412 0.625104 0.486226 0.588601 0.21177 0.585036 0.158846 0.416517 0.779249 0.742197 0.370578 0.806233 0.618951 0.834055 0.137433 0.370049 0.305054 0.0924428 0.531582 0.0166657 0.735613 0.809248 0.782114 0.251073 0.436602 0.153386 0.237313 0.728943 
0.287599 0.115967 0.259654 0.218422 0.732928 0.779183 0.9021 0.270733 0.894442 0.217811 0.888571 0.34208 0.270997 0.185615 0.727119 0 0.315935 0.285852 0.843479 0.251347 0.900956 0.339705 0.829947 0.122726 0.914741 0.978793 0.529244 0.703991 0.73099 0.889821 0.520223 0.359941 0.733876 0.647656 0.71999 0.0489298 0.730099 0.261572 0.0555955 0.475711 0.0808203 0.82771 0.716785 0.507423 0.971096 0.944098 0.246366 0.297031 0.23995 0.0998449 0.538377 0.150906 0.42955 0.378324 0.263633 0.354291 0.367118 0.782876 0.0682819 0.108107 0.682698 0.578505 0.458048 0.426574 0.236161 0.188038 0.465504 0.95626 0.43961 0.511099 0.441971 0.51043 0.348809 0.168756 0.027853 0.329905 0.122854 0.264219 0.616936 0.352804 0.354064 0.165313 0.493711 0.773614 0.533638 0.747344 0.137905 0.890755 0.54022 0.196187 0.988863 0.232918 0.764692 0.456911 0.649491 0.0108534 0.634949 0.124995 0.957113 0.0845595 
0.453775 0.859351 0.334755 0.164139 0.839225 0.894809 0.45649 0.301678 0.259231 0.243209 0.454829 0.708231 0.0751188 0.365001 0.897057 0.315935 0 0.626094 0.409084 0.58499 0.964903 0.56784 0.602843 0.304808 0.680694 0.857062 0.911744 0.0434983 0.221125 0.0870575 0.527209 0.984739 0.610695 0.284552 0.132644 0.51145 0.814772 0.318831 0.510313 0.0576901 0.0935235 0.957224 0.697182 0.0943769 0.602173 0.812177 0.0614901 0.676733 0.448271 0.460574 0.271723 0.423174 0.0384148 0.864565 0.717982 0.709109 0.731627 0.639727 0.742607 0.942752 0.716784 0.279816 0.937491 0.337479 0.554369 0.0801353 0.838929 0.379141 0.388966 0.359242 0.426831 0.47249 0.326466 0.134013 0.556867 0.918639 0.936189 0.608357 0.605372 0.39446 0.0789314 0.867094 0.807634 0.107346 0.741659 0.535617 0.806455 0.483287 0.185343 0.559062 0.436039 0.892127 0.828879 0.38353 0.239606 0.393247 0.453665 0.0885355 0.762389 0.832632 
0.681556 0.716603 0.646238 0.60628 0.592004 0.261423 0.10006 0.0182622 0.277228 0.964502 0.741914 0.884705 0.395962 0.236386 0.62808 0.285852 0.626094 0 0.437778 0.19922 0.315122 0.754243 0.323233 0.861989 0.682882 0.269422 0.480346 0.298254 0.653883 0.549277 0.175348 0.471517 0.646623 0.907007 0.0171333 0.463078 0.400294 0.192476 0.0321406 0.826333 0.0946036 0.851019 0.219863 0.32421 0.254267 0.663528 0.402745 0.0266552 0.50616 0.830523 0.215875 0.811281 0.594766 0.529108 0.68327 0.287649 0.78853 0.173615 0.575902 0.452413 0.712892 0.74125 0.913929 0.369515 0.658258 0.921063 0.822594 0.0685515 0.123539 0.844734 0.884884 0.208143 0.705754 0.114747 0.522352 0.95002 0.768274 0.915098 0.966675 0.284434 0.755621 0.19255 0.105715 0.360387 0.711658 0.778985 0.638035 0.510188 0.942601 0.223938 0.952601 0.665493 0.955188 0.87653 0.0450085 0.623446 0.807593 0.857602 0.681997 0.921132 
0.448313 0.316248 0.512213 0.9216 0.986278 0.940591 0.777705 0.202392 0.615341 0.577126 0.136248 0.193788 0.962392 0.0391317 0.105404 0.843479 0.409084 0.437778 0 0.712336 0.576881 0.139275 0.42809 0.681628 0.651627 0.38811 0.459902 0.576725 0.364785 0.734336 0.342345 0.547336 0.830052 0.692732 0.268994 0.619037 0.340768 0.769183 0.571638 0.554705 0.731784 0.247131 0.519893 0.618314 0.28214 0.153339 0.435907 0.149742 0.825336 0.36704 0.852078 0.412217 0.496314 0.290168 0.103845 0.157942 0.668278 0.553747 0.724666 0.0430637 0.298084 0.0770118 0.5804 0.138136 0.759744 0.839394 0.747173 0.110512 0.618577 0.328811 0.655217 0.36036 0.565942 0.18511 0.968675 0.838082 0.328449 0.414582 0.977824 0.163785 0.771622 0.839902 0.566003 0.277936 0.14007 0.659848 0.425878 0.798349 0.223595 0.160544 0.831412 0.511679 0.227556 0.421812 0.639815 0.9773 0.271206 0.396988 0.0978117 0.879783 
0.924678 0.31087 0.940302 0.207714 0.514282 0.958017 0.0259202 0.909262 0.671512 0.631221 0.805585 0.276086 0.362075 0.164065 0.0431046 0.251347 0.58499 0.19922 0.712336 0 0.715799 0.743029 0.250143 0.291742 0.918139 0.228818 0.139824 0.256588 0.6334 0.127648 0.410374 0.415022 0.95755 0.966376 0.682958 0.107621 0.636224 0.118836 0.895969 0.849819 0.26938 0.737382 0.371499 0.486936 0.169194 0.0213139 0.474236 0.4304 0.408302 0.562048 0.320182 0.134101 0.315077 0.560325 0.415843 0.243216 0.779143 0.545667 0.489804 0.422543 0.663315 0.890177 0.827565 0.630865 0.866554 0.520523 0.728486 0.512778 0.629359 0.634455 0.372597 0.88874 0.381837 0.734096 0.385676 0.541031 0.74541 0.849912 0.96143 0.163712 0.42196 0.291613 0.287814 0.727037 0.841938 0.693657 0.960252 0.631081 0.249324 0.460056 0.0636238 0.902639 0.360234 0.881189 0.543504 0.236787 0.411712 0.28199 0.739565 0.0510713 
0.0361112 0.598503 0.752866 0.831686 0.395751 0.496826 0.897316 0.454047 0.195327 0.440579 0.333724 0.0567213 0.0350346 0.604517 0.739314 0.900956 0.964903 0.315122 0.576881 0.715799 0 0.906445 0.122162 0.929811 0.298282 0.846258 0.325487 0.829312 0.601668 0.185399 0.800743 0.755381 0.597359 0.102355 0.053194 0.334395 0.934293 0.736851 0.304648 0.575374 0.976174 0.754704 0.628997 0.888813 0.124937 0.520186 0.442317 0.351724 0.921898 0.714306 0.101289 0.962969 0.630751 0.213452 0.90278 0.919033 0.0697103 0.238267 0.758345 0.661379 0.413665 0.569087 0.426759 0.0210241 0.661443 0.469953 0.345419 0.605735 0.216804 0.640067 0.191109 0.202978 0.404771 0.810106 0.101792 0.519708 0.340292 0.534108 0.861432 0.272191 0.258415 0.952722 0.24516 0.879166 0.176173 0.15794 0.808199 0.235884 0.386207 0.576543 0.887262 0.789873 0.155631 0.324022 0.800897 0.807073 0.783975 0.156316 0.422809 0.0107789 
0.847254 0.750227 0.336185 0.106957 0.681332 0.251557 0.31227 0.390617 0.89256 0.778411 0.552866 0.875599 0.655265 0.106987 0.82277 0.339705 0.56784 0.754243 0.139275 0.743029 0.906445 0 0.786383 0.603918 0.203757 0.201154 0.424024 0.295549 0.710862 0.754316 0.819657 0.582294 0.0365068 0.0880722 0.545016 0.271667 0.957238 0.711189 0.419607 0.775437 0.937073 0.795814 0.36198 0.834335 0.595687 0.507611 0.168357 0.406584 0.324684 0.942332 0.5529 0.737493 0.943111 0.349283 0.351411 0.156868 0.540437 0.765435 0.442417 0.261298 0.529751 0.272074 0.833592 0.556258 0.350146 0.388608 0.817925 0.317385 0.109797 0.247532 0.102821 0.0568693 0.053346 0.454801 0.881204 0.639033 0.952413 0.059561 0.0556166 0.287097 0.0118927 0.598516 0.0345901 0.945003 0.937799 0.376001 0.111871 0.488236 0.151436 0.544288 0.739534 0.671187 0.806362 0.583126 0.237445 0.166508 0.961734 0.0653691 0.473893 0.0815307 
0.125075 0.468617 0.228012 0.704025 0.110314 0.676134 0.257814 0.056494 0.282574 0.804721 0.594737 0.908589 0.497948 0.826609 0.283404 0.829947 0.602843 0.323233 0.42809 0.250143 0.122162 0.786383 0 0.302901 0.566714 0.1284 0.346247 0.0315157 0.0196043 0.97528 0.973928 0.0691654 0.0408963 0.271025 0.0710581 0.629413 0.295615 0.0260612 0.577212 0.661616 0.127932 0.0754479 0.803052 0.66222 0.804982 0.484239 0.478582 0.398109 0.711683 0.63509 0.369843 0.767052 0.118983 0.441373 0.0799532 0.675698 0.559773 0.4162 0.697213 0.569378 0.40148 0.681141 0.628543 0.432376 0.942167 0.689601 0.0717886 0.247782 0.705662 0.639001 0.899398 0.823595 0.704448 0.71245 0.495815 0.519431 0.206689 0.964397 0.907539 0.908372 0.609487 0.287382 0.685425 0.718471 0.718755 0.755378 0.404168 0.288528 0.181578 0.111381 0.847906 0.573057 0.782523 0.486449 0.0154334 0.734689 0.18605 0.077222 0.972471 0.881713 
0.204042 0.392063 0.0907394 0.159186 0.63006 0.161014 0.62559 0.73484 0.588037 0.0619019 0.905536 0.15884 0.987245 0.204448 0.519417 0.122726 0.304808 0.861989 0.681628 0.291742 0.929811 0.603918 0.302901 0 0.706223 0.881869 0.715307 0.420671 0.604319 0.221122 0.930102 0.801008 0.195519 0.847641 0.71938 0.795006 0.145022 0.414805 0.523477 0.853777 0.180182 0.917645 0.152306 0.35176 0.0390262 0.0102118 0.914818 0.811549 0.486661 0.920251 0.556238 0.662711 0.987473 0.538709 0.554424 0.703696 0.430578 0.279731 0.134367 0.0448974 0.490853 0.0744683 0.835905 0.676371 0.912109 0.565285 0.481378 0.0671315 0.97009 0.0148542 0.910909 0.160273 0.922499 0.0732148 0.502033 0.951525 0.0734266 0.426851 0.773074 0.550088 0.357102 0.339313 0.222799 0.354575 0.868022 0.767222 0.068271 0.3086 0.056953 0.192638 0.343497 0.537806 0.257106 0.189403 0.224177 0.179215 0.744688 0.695555 0.236347 0.724778 
0.632029 0.623216 0.213575 0.756074 0.77497 0.391411 0.867205 0.470997 0.792592 0.724225 0.609004 0.2431 0.513404 0.775142 0.294217 0.914741 0.680694 0.682882 0.651627 0.918139 0.298282 0.203757 0.566714 0.706223 0 0.700409 0.157255 0.875051 0.632908 0.22047 0.387084 0.594433 0.283897 0.803934 0.377508 0.823984 0.171036 0.70682 0.056783 0.515611 0.584842 0.814005 0.573882 0.883442 0.860958 0.75652 0.236939 0.408764 0.0236262 0.416342 0.622941 0.192841 0.17103 0.328496 0.419188 0.885808 0.0389046 0.566443 0.770858 0.661813 0.776914 0.167942 0.266246 0.0708105 0.961876 0.633754 0.884795 0.142912 0.350574 0.931578 0.648524 0.925416 0.755583 0.232406 0.818858 0.626542 0.978926 0.065797 0.0453055 0.0125526 0.472139 0.658247 0.195394 0.633168 0.976742 0.604582 0.528976 0.0256469 0.181025 0.309834 0.67746 0.947939 0.467776 0.933706 0.0287491 0.439653 0.577459 0.903544 0.572565 0.918034 
0.229044 0.661343 0.318621 0.0744079 0.709332 0.148066 0.310236 0.560578 0.797254 0.0562832 0.590697 0.969462 0.748823 0.365025 0.864343 0.978793 0.857062 0.269422 0.38811 0.228818 0.846258 0.201154 0.1284 0.881869 0.700409 0 0.845122 0.231089 0.85345 0.610705 0.453495 0.682307 0.247247 0.442422 0.738104 0.282552 0.444974 0.220243 0.930799 0.630368 0.843411 0.917541 0.24495 0.382387 0.933188 0.415975 0.682222 0.620648 0.373914 0.159998 0.564353 0.392663 0.58965 0.151813 0.306207 0.172215 0.0798462 0.161328 0.393304 0.923296 0.762033 0.8368 0.615603 0.01928 0.289221 0.363708 0.291832 0.724196 0.573951 0.232631 0.364564 0.427362 0.160172 0.599514 0.799749 0.10336 0.0254886 0.491971 0.714007 0.389402 0.641969 0.28836 0.772065 0.241619 0.430173 0.0882712 0.403835 0.500019 0.2396 0.787139 0.433315 0.011633 0.633938 0.0589182 0.020913 0.91316 0.412626 0.302745 0.647355 0.976577 
0.135203 0.894413 0.386489 0.966883 0.108907 0.289666 0.544548 0.180876 0.936355 0.406507 0.312071 0.753927 0.359314 0.368255 0.977521 0.529244 0.911744 0.480346 0.459902 0.139824 0.325487 0.424024 0.346247 0.715307 0.157255 0.845122 0 0.525376 0.0219189 0.413939 0.675548 0.611433 0.223688 0.768907 0.626921 0.705659 0.492915 0.0263233 0.357628 0.771275 0.788388 0.589247 0.211448 0.866659 0.983082 0.701467 0.116259 0.780221 0.144782 0.117892 0.424159 0.1937 0.128805 0.347319 0.596326 0.42155 0.984674 0.582903 0.936926 0.0165929 0.986842 0.622473 0.618026 0.22053 0.401381 0.254947 0.916189 0.884295 0.27127 0.283817 0.66557 0.0696579 0.863065 0.867018 0.926317 0.856146 0.578485 0.0525757 0.646367 0.713267 0.160467 0.0805262 0.896967 0.279272 0.417845 0.503294 0.690822 0.412519 0.0961964 0.637748 0.419112 0.0930382 0.270221 0.0471374 0.303568 0.661602 0.292084 0.229757 0.555897 0.553354 
0.949357 0.67386 0.0515832 0.11201 0.0656789 0.384951 0.857461 0.97808 0.866015 0.21716 0.356563 0.841028 0.422409 0.108633 0.63381 0.703991 0.0434983 0.298254 0.576725 0.256588 0.829312 0.295549 0.0315157 0.420671 0.875051 0.231089 0.525376 0 0.503575 0.231467 0.613012 0.376639 0.108486 0.549329 0.242786 0.676971 0.591905 0.879153 0.400238 0.742372 0.949679 0.307205 0.0316443 0.377524 0.800499 0.712466 0.780043 0.886695 0.360214 0.209155 0.969733 0.620435 0.246292 0.283302 0.292037 0.528377 0.503059 0.837934 0.0917306 0.016634 0.0794013 0.694743 0.383273 0.177887 0.254071 0.616059 0.844858 0.835976 0.505212 0.255096 0.588348 0.464891 0.552301 0.609992 0.832416 0.3628 0.332459 0.622459 0.259495 0.682673 0.821614 0.239229 0.313108 0.0779061 0.51253 0.595145 0.596283 0.0255894 0.443079 0.678013 0.0322234 0.51248 0.382756 0.405497 0.680367 0.626827 0.0315561 0.535224 0.472803 0.526768 
0.91013 0.492003 0.391338 0.783976 0.0147984 0.160411 0.333599 0.328974 0.426431 0.153161 0.52769 0.374242 0.053289 0.404578 0.420436 0.73099 0.221125 0.653883 0.364785 0.6334 0.601668 0.710862 0.0196043 0.604319 0.632908 0.85345 0.0219189 0.503575 0 0.78032 0.0711514 0.98166 0.342621 0.671144 0.824075 0.69542 0.0136026 0.456534 0.944916 0.686275 0.288147 0.194144 0.989383 0.356053 0.696674 0.594528 0.942336 0.712264 0.0476066 0.630349 0.734487 0.550087 0.023105 0.149984 0.240453 0.639932 0.17154 0.765678 0.122735 0.688308 0.555998 0.183887 0.679968 0.888618 0.845031 0.514043 0.594039 0.848633 0.960577 0.548954 0.544909 0.258724 0.733099 0.544292 0.604778 0.439773 0.14882 0.557114 0.162037 0.186426 0.197463 0.886524 0.726513 0.210568 0.0465079 0.956966 0.8405 0.208048 0.732644 0.953236 0.886356 0.298642 0.147123 0.576324 0.19726 0.982153 0.100367 0.781299 0.840786 0.0709443 
0.195312 0.170734 0.428104 0.768485 0.796596 0.929531 0.593721 0.0957568 0.248361 0.440749 0.559612 0.480986 0.260082 0.603886 0.250614 0.889821 0.0870575 0.549277 0.734336 0.127648 0.185399 0.754316 0.97528 0.221122 0.22047 0.610705 0.413939 0.231467 0.78032 0 0.340253 0.395695 0.319669 0.0833521 0.929987 0.914446 0.513125 0.0888064 0.48156 0.665162 0.265233 0.669023 0.561686 0.981745 0.869592 0.598193 0.948712 0.720092 0.796241 0.691356 0.683328 0.692598 0.979997 0.82045 0.278922 0.187257 0.812603 0.369289 0.958556 0.66339 0.430233 0.30881 0.0690849 0.739902 0.382162 0.989072 0.664348 0.885287 0.0878781 0.155909 0.560449 0.343111 0.814932 0.132134 0.334856 0.694524 0.720327 0.293568 0.424615 0.526569 0.974923 0.117943 0.229166 0.964921 0.928393 0.498088 0.162178 0.750997 0.857377 0.130734 0.424387 0.297611 0.429544 0.483472 0.0475129 0.801706 0.482543 0.701861 0.696993 0.560422 
0.318749 0.756632 0.193058 0.653464 0.056748 0.415379 0.688416 0.535586 0.451804 0.11323 0.192051 0.310079 0.615381 0.0647032 0.69816 0.520223 0.527209 0.175348 0.342345 0.410374 0.800743 0.819657 0.973928 0.930102 0.387084 0.453495 0.675548 0.613012 0.0711514 0.340253 0 0.84777 0.267442 0.893532 0.672702 0.389576 0.238389 0.377225 0.119903 0.521956 0.791841 0.636472 0.50688 0.899784 0.855638 0.4818 0.838177 0.363726 0.633978 0.599174 0.231104 0.754713 0.033561 0.518715 0.194257 0.507033 0.556227 0.985963 0.979576 0.268089 0.692956 0.549998 0.125859 0.950398 0.45353 0.78856 0.349974 0.681919 0.175786 0.459877 0.213875 0.957627 0.106349 0.710754 0.867411 0.951987 0.202555 0.715588 0.325713 0.826533 0.324762 0.546817 0.591245 0.348323 0.0755316 0.775502 0.845356 0.621759 0.771465 0.834932 0.879848 0.474421 0.39493 0.0157065 0.434819 0.83846 0.794267 0.774793 0.530379 0.960053 
0.80713 0.897202 0.515112 0.0143035 0.1932 0.448939 0.766842 0.0401005 0.23586 0.531786 0.612876 0.405 0.350808 0.468672 0.126133 0.359941 0.984739 0.471517 0.547336 0.415022 0.755381 0.582294 0.0691654 0.801008 0.594433 0.682307 0.611433 0.376639 0.98166 0.395695 0.84777 0 0.24467 0.734253 0.927679 0.341018 0.455008 0.80509 0.303005 0.647563 0.530678 0.618719 0.484095 0.84544 0.175536 0.0853407 0.203763 0.241067 0.850843 0.0591187 0.852826 0.632308 0.884051 0.742674 0.11673 0.28898 0.748381 0.541549 0.13744 0.552648 0.326342 0.657819 0.5227 0.561011 0.402072 0.46038 0.89203 0.84708 0.275469 0.205035 0.504643 0.796147 0.813754 0.978738 0.651587 0.979289 0.0740786 0.84535 0.230357 0.914922 0.894468 0.0931832 0.55723 0.788519 0.825857 0.66396 0.0874996 0.584238 0.215508 0.21494 0.146886 0.53185 0.862759 0.659586 0.102862 0.274831 0.129966 0.984891 0.131911 0.395435 
0.748646 0.169209 0.463706 0.53329 0.725771 0.339312 0.12242 0.256322 0.029641 0.40299 0.81132 0.66658 0.453476 0.670164 0.0838365 0.733876 0.610695 0.646623 0.830052 0.95755 0.597359 0.0365068 0.0408963 0.195519 0.283897 0.247247 0.223688 0.108486 0.342621 0.319669 0.267442 0.24467 0 0.199926 0.626554 0.201582 0.0236801 0.615292 0.843169 0.0129695 0.67937 0.698519 0.233326 0.604292 0.602988 0.316509 0.171522 0.401507 0.152367 0.825481 0.479006 0.726605 0.0509897 0.683946 0.863491 0.57284 0.556705 0.533077 0.665702 0.821536 0.653043 0.660593 0.943447 0.0584785 0.850519 0.580001 0.250061 0.8642 0.205293 0.10323 0.867169 0.874663 0.791749 0.110495 0.488955 0.404737 0.417005 0.650476 0.796244 0.559372 0.485958 0.28525 0.295977 0.526947 0.959196 0.169468 0.109787 0.525901 0.692545 0.765489 0.357437 0.355588 0.436082 0.310885 0.404067 0.296601 0.880886 0.644128 0.170801 0.0961781 
0.592957 0.757987 0.528698 0.216486 0.228705 0.22515 0.575222 0.235937 0.560059 0.854242 0.546217 0.147945 0.943346 0.0126666 0.84229 0.647656 0.284552 0.907007 0.692732 0.966376 0.102355 0.0880722 0.271025 0.847641 0.803934 0.442422 0.768907 0.549329 0.671144 0.0833521 0.893532 0.734253 0.199926 0 0.737358 0.0479701 0.960841 0.539107 0.148465 0.459795 0.933844 0.55547 0.120272 0.740087 0.124842 0.596229 0.0353373 0.410818 0.133177 0.984533 0.570286 0.232964 0.520435 0.272831 0.988453 0.867872 0.618419 0.434535 0.188757 0.0324862 0.721137 0.0796421 0.666614 0.881938 0.16582 0.413972 0.919908 0.136661 0.943079 0.0783731 0.586456 0.886923 0.623843 0.696728 0.63701 0.738685 0.302958 0.662348 0.159503 0.426134 0.656881 0.719789 0.649099 0.187316 0.98262 0.647552 0.0651875 0.61104 0.0920867 0.243944 0.633526 0.803223 0.313586 0.31014 0.695161 0.469406 0.714112 0.625069 0.596067 0.667191 
0.0351803 0.352847 0.131574 0.982644 0.732457 0.902468 0.542431 0.259178 0.471864 0.438017 0.949484 0.631348 0.0456216 0.969716 0.339688 0.71999 0.132644 0.0171333 0.268994 0.682958 0.053194 0.545016 0.0710581 0.71938 0.377508 0.738104 0.626921 0.242786 0.824075 0.929987 0.672702 0.927679 0.626554 0.737358 0 0.693442 0.192524 0.564114 0.327285 0.879252 0.211124 0.0759698 0.19221 0.863472 0.225473 0.608344 0.530353 0.935262 0.267443 0.707668 0.927882 0.904994 0.762856 0.548922 0.987081 0.0167998 0.192448 0.800304 0.320386 0.492588 0.505465 0.779792 0.2167 0.140534 0.385859 0.87389 0.823976 0.568383 0.448004 0.161261 0.457635 0.649128 0.227231 0.639845 0.522599 0.442704 0.258189 0.0629518 0.387966 0.515631 0.76062 0.325848 0.430626 0.533476 0.86477 0.427707 0.540275 0.0672183 0.238011 0.850661 0.549806 0.733477 0.640454 0.756506 0.864011 0.0363129 0.640397 0.697987 0.594696 0.0984004 
0.844472 0.0789496 0.979299 0.470528 0.878817 0.814845 0.915492 0.215004 0.506132 0.312869 0.608981 0.51276 0.430482 0.610379 0.575823 0.0489298 0.51145 0.463078 0.619037 0.107621 0.334395 0.271667 0.629413 0.795006 0.823984 0.282552 0.705659 0.676971 0.69542 0.914446 0.389576 0.341018 0.201582 0.0479701 0.693442 0 0.849247 0.0623307 0.737528 0.0864781 0.692175 0.270127 0.519182 0.940364 0.323079 0.897147 0.465995 0.0936992 0.232995 0.886621 0.617175 0.107765 0.324328 0.16745 0.164984 0.552339 0.0281118 0.70479 0.295816 0.658565 0.471296 0.169826 0.684878 0.121693 0.857813 0.289574 0.210093 0.71706 0.341905 0.937621 0.793539 0.04408 0.217749 0.32272 0.974444 0.530828 0.229867 0.450439 0.614527 0.452863 0.34706 0.241702 0.550628 0.661388 0.399152 0.705612 0.223727 0.417264 0.420402 0.509543 0.0858294 0.881698 0.66937 0.760708 0.0133905 0.537183 0.0602816 0.213484 0.264243 0.392186 
0.946603 0.258124 0.786051 0.477919 0.345834 0.0533592 0.561236 0.984623 0.459958 0.0502535 0.83205 0.9575 0.726384 0.202605 0.48078 0.730099 0.814772 0.400294 0.340768 0.636224 0.934293 0.957238 0.295615 0.145022 0.171036 0.444974 0.492915 0.591905 0.0136026 0.513125 0.238389 0.455008 0.0236801 0.960841 0.192524 0.849247 0 0.161105 0.0677817 0.426266 0.368854 0.380502 0.41071 0.889681 0.600369 0.85115 0.514209 0.063232 0.20821 0.745911 0.60386 0.859598 0.155063 0.319471 0.0933258 0.562327 0.729873 0.592869 0.638156 0.621571 0.272239 0.408864 0.624961 0.799421 0.459146 0.828445 0.0736644 0.841332 0.97955 0.131446 0.277598 0.358403 0.501948 0.678309 0.258085 0.112318 0.539458 0.762293 0.16555 0.737668 0.518204 0.759409 0.607267 0.663267 0.0888809 0.690593 0.235594 0.808754 0.293462 0.86375 0.440325 0.5557 0.282614 0.0752858 0.365122 0.73176 0.893731 0.428786 0.583092 0.88328 
0.978184 0.8807 0.287254 0.0123842 0.249094 0.980804 0.631172 0.557443 0.359447 0.333718 0.421757 0.874604 0.512731 0.55309 0.674987 0.261572 0.318831 0.192476 0.769183 0.118836 0.736851 0.711189 0.0260612 0.414805 0.70682 0.220243 0.0263233 0.879153 0.456534 0.0888064 0.377225 0.80509 0.615292 0.539107 0.564114 0.0623307 0.161105 0 0.550232 0.85069 0.251684 0.06218 0.538999 0.499768 0.164498 0.088457 0.272062 0.320047 0.816126 0.780266 0.0894566 0.433392 0.453532 0.168337 0.133985 0.679126 0.967091 0.417447 0.552876 0.417416 0.963147 0.825491 0.482702 0.338269 0.56725 0.386432 0.757054 0.160342 0.279713 0.317286 0.0210319 0.521396 0.369466 0.550031 0.0311647 0.523964 0.628488 0.293227 0.834011 0.454613 0.0834923 0.913468 0.878006 0.527025 0.091805 0.0219907 0.216151 0.0688964 0.429437 0.759027 0.476312 0.402584 0.594518 0.949014 0.730853 0.171768 0.345446 0.497907 0.32211 0.615159 
0.876456 0.431631 0.21923 0.754283 0.449807 0.839865 0.8628 0.592975 0.692458 0.66652 0.380612 0.555742 0.847682 0.765337 0.801277 0.0555955 0.510313 0.0321406 0.571638 0.895969 0.304648 0.419607 0.577212 0.523477 0.056783 0.930799 0.357628 0.400238 0.944916 0.48156 0.119903 0.303005 0.843169 0.148465 0.327285 0.737528 0.0677817 0.550232 0 0.805194 0.333142 0.146555 0.18466 0.873173 0.16772 0.698624 0.51166 0.450946 0.542635 0.956273 0.524439 0.466102 0.844279 0.0614633 0.547907 0.85627 0.267614 0.606804 0.295707 0.0366416 0.093116 0.688291 0.62116 0.05213 0.429144 0.782928 0.387576 0.917052 0.115038 0.012735 0.732245 0.43818 0.14929 0.906905 0.321352 0.30701 0.615529 0.823013 0.747956 0.168164 0.789286 0.282395 0.624266 0.643565 0.333858 0.182173 0.509835 0.591472 0.778977 0.795542 0.618114 0.862093 0.493834 0.249274 0.904223 0.912978 0.0422013 0.301799 0.84003 0.147239 
0.445909 0.496001 0.706842 0.586527 0.453734 0.35119 0.98765 0.694445 0.698945 0.111223 0.372421 0.73823 0.102441 0.0979937 0.0722992 0.475711 0.0576901 0.826333 0.554705 0.849819 0.575374 0.775437 0.661616 0.853777 0.515611 0.630368 0.771275 0.742372 0.686275 0.665162 0.521956 0.647563 0.0129695 0.459795 0.879252 0.0864781 0.426266 0.85069 0.805194 0 0.304534 0.582275 0.575419 0.443824 0.49918 0.886771 0.740834 0.124709 0.719784 0.498791 0.282873 0.51907 0.771185 0.897139 0.172636 0.115043 0.0893121 0.672471 0.696516 0.858289 0.478013 0.32463 0.730382 0.961846 0.563904 0.644605 0.884824 0.596105 0.936405 0.734854 0.733344 0.250939 0.327128 0.318763 0.684763 0.816308 0.215534 0.435598 0.931017 0.925318 0.924388 0.22389 0.454389 0.705573 0.131029 0.617024 0.810617 0.210341 0.299495 0.517133 0.0786299 0.767508 0.831763 0.799012 0.739354 0.405666 0.453618 0.634178 0.0117711 0.400022 
0.179111 0.717546 0.253386 0.184075 0.461184 0.0306127 0.0736758 0.932546 0.481585 0.568338 0.049949 0.75375 0.413484 0.152142 0.812195 0.0808203 0.0935235 0.0946036 0.731784 0.26938 0.976174 0.937073 0.127932 0.180182 0.584842 0.843411 0.788388 0.949679 0.288147 0.265233 0.791841 0.530678 0.67937 0.933844 0.211124 0.692175 0.368854 0.251684 0.333142 0.304534 0 0.379032 0.735115 0.640961 0.69616 0.0638778 0.335724 0.522469 0.269412 0.761322 0.463486 0.20473 0.69571 0.677376 0.649119 0.411283 0.798405 0.276144 0.2319 0.0187454 0.565639 0.739033 0.0873753 0.343147 0.580796 0.876388 0.0925007 0.976462 0.340005 0.716679 0.978233 0.730027 0.105711 0.723348 0.380989 0.791871 0.777226 0.706713 0.32434 0.0566381 0.478035 0.777826 0.251368 0.183745 0.465202 0.890488 0.585028 0.273607 0.176631 0.806929 0.282352 0.73227 0.555962 0.359728 0.0854165 0.146758 0.246115 0.167917 0.13322 0.57612 
0.570198 0.0765296 0.184084 0.0555996 0.336665 0.277052 0.231397 0.473909 0.293062 0.1864 0.449931 0.637577 0.247834 0.190661 0.762863 0.82771 0.957224 0.851019 0.247131 0.737382 0.754704 0.795814 0.0754479 0.917645 0.814005 0.917541 0.589247 0.307205 0.194144 0.669023 0.636472 0.618719 0.698519 0.55547 0.0759698 0.270127 0.380502 0.06218 0.146555 0.582275 0.379032 0 0.874596 0.121453 0.316148 0.970307 0.834802 0.687136 0.772178 0.622028 0.403849 0.106518 0.668666 0.871884 0.874344 0.910035 0.0656293 0.349546 0.810522 0.640658 0.613153 0.977153 0.457586 0.885506 0.719423 0.0235484 0.255233 0.79484 0.160306 0.491348 0.952757 0.283526 0.0774685 0.837353 0.39498 0.383616 0.81766 0.239782 0.0807527 0.599838 0.85181 0.474602 0.696356 0.530476 0.356486 0.580701 0.450511 0.412116 0.920247 0.271033 0.0627733 0.5434 0.258186 0.51036 0.438906 0.96761 0.523908 0.684139 0.77245 0.674214 
0.0717611 0.21435 0.138765 0.748071 0.852682 0.35192 0.236383 0.566799 0.239566 0.746096 0.803849 0.881891 0.0190153 0.119316 0.576565 0.716785 0.697182 0.219863 0.519893 0.371499 0.628997 0.36198 0.803052 0.152306 0.573882 0.24495 0.211448 0.0316443 0.989383 0.561686 0.50688 0.484095 0.233326 0.120272 0.19221 0.519182 0.41071 0.538999 0.18466 0.575419 0.735115 0.874596 0 0.185487 0.735207 0.947741 0.252956 0.58256 0.35272 0.626572 0.41022 0.582502 0.697325 0.0200585 0.444312 0.181927 0.706415 0.964788 0.528413 0.297116 0.425298 0.930529 0.227363 0.686331 0.983302 0.760763 0.934518 0.503662 0.209669 0.912128 0.03757 0.883808 0.694577 0.701784 0.0792958 0.439784 0.659525 0.322252 0.0323445 0.0222452 0.938824 0.432565 0.594747 0.646149 0.442623 0.0490588 0.818076 0.159038 0.0238465 0.356489 0.446154 0.439145 0.297018 0.663517 0.135476 0.29032 0.43428 0.079994 0.783982 0.633949 
0.541676 0.731726 0.150552 0.907922 0.223278 0.667629 0.507572 0.630869 0.322185 0.63346 0.915282 0.639398 0.612484 0.483255 0.37169 0.507423 0.0943769 0.32421 0.618314 0.486936 0.888813 0.834335 0.66222 0.35176 0.883442 0.382387 0.866659 0.377524 0.356053 0.981745 0.899784 0.84544 0.604292 0.740087 0.863472 0.940364 0.889681 0.499768 0.873173 0.443824 0.640961 0.121453 0.185487 0 0.982122 0.811552 0.527758 0.686699 0.523336 0.597053 0.136483 0.192861 0.909305 0.158828 0.205106 0.858129 0.581393 0.789853 0.514278 0.0340158 0.828912 0.342353 0.183054 0.842758 0.688842 0.619208 0.291903 0.975859 0.292725 0.417379 0.276179 0.717004 0.487373 0.0701606 0.360954 0.479495 0.871712 0.878711 0.176194 0.405048 0.485765 0.302677 0.587909 0.40507 0.451505 0.783015 0.273199 0.0428977 0.582868 0.777476 0.0669136 0.42178 0.12983 0.239968 0.274538 0.808671 0.849176 0.556441 0.794531 0.1519 
