100
0 0.496732 0.139376 0.591282 0.903027 0.971645 0.515286 0.716634 0.987253 0.673526 0.426435 0.640873 0.641718 0.987964 0.565343 0.316017 0.74966 0.66239 0.934982 0.578417 0.333083 0.0312533 0.900729 0.308601 0.173958 0.244121 0.38299 0.849028 0.270226 0.0675439 0.70828 0.340861 0.554276 0.837656 0.922143 0.467303 0.819302 0.447429 0.193937 0.816555 0.130955 0.610372 0.467428 0.762673 0.608336 0.0427707 0.0886899 0.367996 0.695161 0.0336718 0.936413 0.0382442 0.0549251 0.847141 0.336845 0.218883 0.101262 0.709835 0.0779109 0.361488 0.767379 0.776191 0.692349 0.331655 0.623847 0.624492 0.788958 0.453149 0.0819215 0.972895 0.279704 0.202877 0.593267 0.737132 0.955549 0.211603 0.769902 0.0542392 0.569599 0.475063 0.077911 0.516012 0.503307 0.122836 0.373153 0.830152 0.331719 0.464415 0.549987 0.39963 0.815903 0.327366 0.185821 0.518252 0.649021 0.799668 0.152744 0.447978 0.262817 0.224666 
0.496732 0 0.430873 0.53252 0.417542 0.0341404 0.279652 0.383092 0.235743 0.0595546 0.427331 0.795342 0.524618 0.495242 0.321354 0.0379253 0.608078 0.684507 0.858078 0.929797 0.158922 0.418065 0.339427 0.964825 0.73543 0.515248 0.493077 0.394451 0.324916 0.635821 0.832429 0.577733 0.850487 0.273302 0.120253 0.278029 0.297443 0.389905 0.651121 0.523186 0.43946 0.0884517 0.328528 0.954078 0.573694 0.639882 0.982003 0.191772 0.334389 0.850081 0.131569 0.48331 0.278145 0.460996 0.458135 0.0235753 0.966244 0.941212 0.408026 0.30116 0.587033 0.250455 0.868893 0.44752 0.513757 0.979146 0.715549 0.8012 0.379051 0.37667 0.334386 0.808511 0.455121 0.652914 0.772588 0.038815 0.302796 0.764591 0.220587 0.627184 0.624672 0.342156 0.120495 0.892817 0.793152 0.56863 0.906392 0.769396 0.519842 0.324418 0.0805562 0.116875 0.564873 0.939449 0.554394 0.0886307 0.928595 0.279943 0.879831 0.317646 
0.139376 0.430873 0 0.646613 0.224216 0.136156 0.111734 0.86713 0.898745 0.140549 0.179926 0.673336 0.351136 0.79711 0.308008 0.683291 0.907605 0.210825 0.486443 0.486235 0.127218 0.265839 0.0160763 0.441636 0.336395 0.122951 0.0165095 0.285844 0.667345 0.0951402 0.224439 0.937288 0.964971 0.532084 0.593901 0.199187 0.65824 0.695635 0.0763172 0.566985 0.826185 0.246243 0.250322 0.18732 0.0533532 0.54833 0.860612 0.950958 0.749155 0.357054 0.447192 0.866373 0.612893 0.453269 0.318009 0.939288 0.56622 0.324518 0.235132 0.243565 0.409659 0.449571 0.190853 0.384629 0.971655 0.774755 0.573816 0.639895 0.48039 0.640134 0.216881 0.316574 0.876377 0.457202 0.493895 0.91973 0.0155319 0.364506 0.880688 0.754687 0.711561 0.33788 0.63106 0.334454 0.781149 0.939069 0.283742 0.357369 0.273587 0.508875 0.590933 0.673246 0.948445 0.771787 0.0678753 0.9301 0.556541 0.631692 0.579995 0.0469312 
0.591282 0.53252 0.646613 0 0.281825 0.786876 0.353506 0.168202 0.254078 0.8374 0.0979321 0.25961 0.211907 0.96862 0.0242969 0.913467 0.3165 0.645357 0.257921 0.107649 0.594425 0.531664 0.455018 0.858013 0.0505382 0.0559513 0.541259 0.988984 0.817738 0.599134 0.929084 0.384279 0.240826 0.519079 0.42121 0.512651 0.315955 0.764716 0.670853 0.560033 0.612117 0.758785 0.809643 0.814023 0.737405 0.82394 0.737491 0.0639057 0.479297 0.985412 0.161555 0.0837225 0.527076 0.606573 0.931735 0.567614 0.652524 0.482994 0.566597 0.480262 0.0921276 0.505681 0.854541 0.322953 0.0347603 0.285752 0.825604 0.340716 0.0604677 0.506458 0.890749 0.662584 0.275243 0.710392 0.486607 0.0226487 0.544332 0.234098 0.0765544 0.0336293 0.22951 0.228109 0.107352 0.746586 0.824682 0.0490869 0.3242 0.487206 0.522081 0.880797 0.957468 0.604208 0.396478 0.822009 0.917162 0.421239 0.117761 0.752766 0.751954 0.168229 
0.903027 0.417542 0.224216 0.281825 0 0.269224 0.652703 0.820813 0.534467 0.373095 0.31742 0.547116 0.907428 0.541518 0.61367 0.931057 0.761028 0.831779 0.0484085 0.517614 0.666461 0.0874954 0.831814 0.163667 0.599576 0.722612 0.131136 0.213784 0.12909 0.943145 0.140946 0.540329 0.0709057 0.883712 0.302283 0.229134 0.162935 0.944986 0.0599471 0.687402 0.328082 0.367367 0.244518 0.245509 0.898886 0.848188 0.186566 0.669914 0.689967 0.224975 0.197528 0.366429 0.30247 0.0393426 0.520096 0.892046 0.751954 0.641232 0.11583 0.871044 0.594377 0.246776 0.421373 0.655282 0.140488 0.713656 0.874417 0.293423 0.668643 0.924364 0.970825 0.986724 0.301731 0.225343 0.242233 0.210617 0.0835313 0.418799 0.870531 0.763499 0.633774 0.0780592 0.139927 0.926244 0.107402 0.650024 0.82829 0.849356 0.301255 0.93412 0.7304 0.885632 0.190896 0.161773 0.550914 0.321384 0.865429 0.435331 0.604807 0.544072 
0.971645 0.0341404 0.136156 0.786876 0.269224 0 0.369694 0.585632 0.540796 0.661426 0.800976 0.773029 0.862042 0.874507 0.201829 0.742573 0.648006 0.825602 0.810632 0.777933 0.761846 0.908034 0.437956 0.600136 0.76739 0.729212 0.544256 0.50779 0.624843 0.725152 0.659563 0.185758 0.0565353 0.534993 0.611088 0.651342 0.0890647 0.970783 0.246974 0.619861 0.642208 0.0579498 0.40289 0.514251 0.922457 0.594719 0.266824 0.580462 0.430321 0.0874558 0.368395 0.202167 0.98549 0.796352 0.792303 0.76288 0.535563 0.346559 0.28067 0.170407 0.0817107 0.930234 0.346164 0.128246 0.475227 0.947253 0.769588 0.554291 0.928035 0.0265623 0.184152 0.580244 0.0745121 0.577042 0.104494 0.986969 0.181761 0.361318 0.577431 0.602082 0.438774 0.935826 0.79425 0.434264 0.742178 0.596553 0.207144 0.287741 0.933112 0.477814 0.448148 0.0248229 0.418048 0.784312 0.143069 0.883275 0.741565 0.902657 0.447566 0.6796 
0.515286 0.279652 0.111734 0.353506 0.652703 0.369694 0 0.919219 0.621719 0.269844 0.983731 0.208761 0.364338 0.9807 0.380522 0.715655 0.568132 0.972605 0.164429 0.513958 0.776854 0.588693 0.266136 0.383408 0.785836 0.543877 0.32652 0.27365 0.982025 0.341343 0.681698 0.776337 0.474412 0.574973 0.527902 0.387069 0.0325396 0.217502 0.316288 0.644258 0.477346 0.31002 0.843019 0.831684 0.30072 0.233541 0.557339 0.858851 0.216146 0.711768 0.382809 0.983 0.310461 0.638945 0.376408 0.106297 0.192822 0.692928 0.369947 0.184848 0.0442707 0.0616458 0.951185 0.508683 0.626619 0.489087 0.885751 0.649159 0.696589 0.212039 0.303417 0.183936 0.512059 0.156436 0.0256193 0.802779 0.379977 0.572959 0.67163 0.586123 0.294727 0.0644397 0.579123 0.595188 0.693385 0.945531 0.691485 0.876207 0.648459 0.0714322 0.0710549 0.68273 0.123078 0.0322399 0.201412 0.739697 0.511327 0.0971637 0.398856 0.217917 
0.716634 0.383092 0.86713 0.168202 0.820813 0.585632 0.919219 0 0.299203 0.692273 0.391852 0.801262 0.838709 0.407471 0.614041 0.228686 0.97043 0.295671 0.804809 0.275157 0.350111 0.393932 0.860345 0.0534959 0.349463 0.56183 0.919703 0.987923 0.623262 0.980758 0.680652 0.73634 0.022998 0.872065 0.486037 0.524325 0.959229 0.874893 0.732242 0.268432 0.577165 0.134094 0.0796937 0.425874 0.531565 0.683735 0.64456 0.511995 0.969406 0.459369 0.777152 0.329517 0.843301 0.647497 0.373013 0.202764 0.219326 0.302716 0.200687 0.832588 0.293474 0.871339 0.578927 0.306472 0.753404 0.0749643 0.820797 0.722633 0.939857 0.563039 0.981064 0.527022 0.687132 0.0707582 0.942896 0.228697 0.744493 0.597456 0.730692 0.723899 0.0668244 0.517844 0.0634159 0.900125 0.17534 0.426429 0.11289 0.384666 0.719145 0.303577 0.227254 0.0226191 0.184916 0.796182 0.319091 0.92832 0.861146 0.149889 0.660953 0.811003 
0.987253 0.235743 0.898745 0.254078 0.534467 0.540796 0.621719 0.299203 0 0.702927 0.652017 0.348025 0.400059 0.712776 0.300921 0.618757 0.467268 0.888377 0.359449 0.201167 0.945201 0.867293 0.254583 0.855326 0.0526329 0.671012 0.958216 0.427299 0.400157 0.271793 0.644554 0.412776 0.446708 0.450735 0.721868 0.385029 0.321881 0.861756 0.0559815 0.142884 0.574683 0.697999 0.480909 0.964743 0.420774 0.77183 0.593499 0.878043 0.670207 0.942948 0.0892104 0.625408 0.820241 0.333794 0.490734 0.862874 0.0148058 0.45895 0.300173 0.404963 0.720743 0.934726 0.807739 0.177451 0.395462 0.539607 0.55248 0.707343 0.411363 0.598461 0.840227 0.976046 0.30646 0.331136 0.950789 0.717234 0.112966 0.554288 0.605277 0.773172 0.507236 0.684488 0.40858 0.337477 0.0282814 0.889314 0.21035 0.0330872 0.358264 0.500523 0.42805 0.0890067 0.445249 0.245789 0.256458 0.830711 0.775396 0.798937 0.548054 0.196758 
0.673526 0.0595546 0.140549 0.8374 0.373095 0.661426 0.269844 0.692273 0.702927 0 0.407399 0.39828 0.182804 0.703859 0.719416 0.143593 0.431093 0.822382 0.687881 0.0463704 0.605554 0.205117 0.720858 0.024134 0.532594 0.73914 0.903448 0.732944 0.762227 0.271712 0.243467 0.200277 0.350719 0.678716 0.436066 0.597177 0.519427 0.221462 0.406114 0.0774808 0.40822 0.803513 0.465761 0.581024 0.517371 0.195177 0.714617 0.938464 0.0275594 0.412498 0.974835 0.623114 0.607615 0.705693 0.637248 0.150209 0.454832 0.550696 0.873153 0.227059 0.812408 0.12662 0.417336 0.173127 0.795336 0.843402 0.760303 0.324763 0.0748636 0.176417 0.392244 0.473084 0.96993 0.848005 0.0641081 0.497301 0.0531827 0.768725 0.445765 0.0707421 0.191224 0.4306 0.683856 0.788839 0.146293 0.331103 0.929048 0.591125 0.871799 0.8122 0.808184 0.694207 0.92882 0.23552 0.857333 0.734156 0.0889214 0.627637 0.0689193 0.153785 
0.426435 0.427331 0.179926 0.0979321 0.31742 0.800976 0.983731 0.391852 0.652017 0.407399 0 0.794054 0.451163 0.616869 0.773984 0.309168 0.670977 0.281286 0.352351 0.449702 0.717051 0.413093 0.630926 0.157651 0.106949 0.429765 0.293944 0.428052 0.368812 0.875068 0.309851 0.191013 0.693252 0.0140572 0.129833 0.918772 0.86139 0.853989 0.017693 0.499027 0.912908 0.161478 0.303081 0.374072 0.768347 0.0870652 0.67324 0.449323 0.358351 0.0355909 0.889026 0.0854017 0.438684 0.529951 0.233053 0.535633 0.949716 0.516996 0.953685 0.328528 0.402065 0.273535 0.509541 0.105317 0.277593 0.629374 0.0340884 0.148983 0.493363 0.0417814 0.63801 0.416271 0.193259 0.931091 0.780343 0.951606 0.0281562 0.463583 0.410929 0.376507 0.489174 0.309955 0.451909 0.917858 0.829906 0.674961 0.46349 0.789622 0.201958 0.427175 0.12815 0.594023 0.69071 0.627691 0.689339 0.958303 0.267065 0.713428 0.117286 0.750428 
0.640873 0.795342 0.673336 0.25961 0.547116 0.773029 0.208761 0.801262 0.348025 0.39828 0.794054 0 0.745209 0.745296 0.176699 0.928468 0.686387 0.947042 0.890074 0.704543 0.420625 0.311004 0.09105 0.899798 0.610959 0.532959 0.827656 0.450865 0.21792 0.301146 0.250487 0.409878 0.718321 0.368638 0.0139005 0.419031 0.986329 0.69324 0.387334 0.263394 0.416668 0.49462 0.0238225 0.171877 0.249916 0.190522 0.110345 0.926303 0.147564 0.0104196 0.640846 0.558189 0.311423 0.721896 0.467987 0.912382 0.264854 0.305643 0.373247 0.472774 0.596789 0.613734 0.872652 0.32511 0.972372 0.876553 0.734141 0.968701 0.579793 0.131475 0.242096 0.98646 0.616095 0.255918 0.168337 0.856011 0.43644 0.268682 0.792314 0.574004 0.269102 0.443159 0.142193 0.570525 0.175055 0.600179 0.492907 0.429909 0.895822 0.856154 0.892684 0.50261 0.479889 0.775336 0.81772 0.462261 0.661889 0.561861 0.440963 0.251682 
0.641718 0.524618 0.351136 0.211907 0.907428 0.862042 0.364338 0.838709 0.400059 0.182804 0.451163 0.745209 0 0.683336 0.673058 0.248142 0.309431 0.918977 0.406479 0.175442 0.365417 0.665161 0.957755 0.929421 0.924263 0.410915 0.0816133 0.504788 0.57597 0.671793 0.987696 0.0158793 0.577614 0.85385 0.898563 0.0902248 0.343739 0.683899 0.897945 0.796 0.355789 0.469806 0.246963 0.59747 0.163142 0.910021 0.835612 0.462572 0.838998 0.252091 0.628014 0.214415 0.907253 0.59577 0.153836 0.841516 0.0166845 0.225449 0.356304 0.582654 0.887242 0.354 0.588534 0.474856 0.21785 0.497097 0.555081 0.551589 0.190996 0.463025 0.357589 0.536785 0.922831 0.594552 0.144255 0.0959726 0.514574 0.969867 0.548545 0.363572 0.231959 0.186559 0.567987 0.149211 0.772329 0.711822 0.980727 0.779014 0.927271 0.347031 0.371668 0.824513 0.691031 0.950202 0.309369 0.898881 0.457299 0.85445 0.46047 0.638295 
0.987964 0.495242 0.79711 0.96862 0.541518 0.874507 0.9807 0.407471 0.712776 0.703859 0.616869 0.745296 0.683336 0 0.327475 0.808059 0.18508 0.260306 0.412611 0.319335 0.346279 0.917185 0.299202 0.884824 0.290757 0.521161 0.0813834 0.848743 0.660372 0.843713 0.570566 0.651099 0.632726 0.507837 0.988131 0.0143945 0.34235 0.689162 0.954596 0.641719 0.598043 0.421895 0.506169 0.068513 0.0701901 0.823644 0.866572 0.24527 0.0939505 0.289184 0.554605 0.430229 0.216369 0.843808 0.325053 0.497125 0.374969 0.396437 0.355869 0.0453411 0.250149 0.916435 0.686441 0.872876 0.434272 0.684571 0.87727 0.766622 0.383733 0.841866 0.418342 0.971776 0.273762 0.914511 0.050289 0.333952 0.748155 0.906861 0.569222 0.832106 0.206045 0.133827 0.272335 0.412414 0.967634 0.587389 0.899539 0.352603 0.973825 0.265408 0.387944 0.233975 0.191843 0.0843848 0.11685 0.616115 0.758956 0.984121 0.392737 0.152689 
0.565343 0.321354 0.308008 0.0242969 0.61367 0.201829 0.380522 0.614041 0.300921 0.719416 0.773984 0.176699 0.673058 0.327475 0 0.835987 0.801079 0.134465 0.119749 0.72559 0.174754 0.4437 0.483745 0.0916155 0.0229219 0.325851 0.28766 0.146749 0.588186 0.690074 0.124383 0.185575 0.599613 0.466986 0.1694 0.855021 0.84493 0.393375 0.056864 0.919315 0.500226 0.662979 0.688271 0.494346 0.065716 0.83096 0.340333 0.856795 0.955426 0.450082 0.592385 0.14018 0.883782 0.0861306 0.221795 0.896704 0.401982 0.499456 0.0534524 0.980168 0.19953 0.167835 0.175743 0.789143 0.624822 0.335144 0.654165 0.479752 0.718519 0.701029 0.409067 0.228744 0.374008 0.107338 0.71309 0.429724 0.928299 0.0634236 0.296519 0.893724 0.503505 0.878904 0.0439043 0.397287 0.955034 0.2557 0.303991 0.367016 0.745156 0.347443 0.357184 0.934686 0.505279 0.522928 0.733829 0.1401 0.848071 0.397994 0.609852 0.57659 
0.316017 0.0379253 0.683291 0.913467 0.931057 0.742573 0.715655 0.228686 0.618757 0.143593 0.309168 0.928468 0.248142 0.808059 0.835987 0 0.109023 0.0289191 0.795335 0.47303 0.126257 0.518425 0.892754 0.0645558 0.571849 0.199273 0.94828 0.0853541 0.0881765 0.982184 0.472641 0.0532109 0.247884 0.766632 0.410227 0.98304 0.124076 0.757412 0.927726 0.619355 0.290339 0.671555 0.749455 0.148411 0.0795488 0.369307 0.715001 0.178572 0.388226 0.520336 0.641602 0.504484 0.048761 0.544356 0.55904 0.61061 0.733628 0.51732 0.685964 0.811805 0.509504 0.168605 0.855016 0.747388 0.925237 0.275243 0.740428 0.0593132 0.0426545 0.678154 0.668668 0.322994 0.359709 0.428123 0.461405 0.429257 0.78743 0.186406 0.597829 0.185657 0.696742 0.249431 0.680141 0.735503 0.783787 0.24918 0.356113 0.527415 0.7565 0.0520766 0.34922 0.276004 0.210682 0.214236 0.0333922 0.145919 0.479479 0.76382 0.195232 0.512134 
0.74966 0.608078 0.907605 0.3165 0.761028 0.648006 0.568132 0.97043 0.467268 0.431093 0.670977 0.686387 0.309431 0.18508 0.801079 0.109023 0 0.451974 0.8539 0.825128 0.801683 0.292023 0.296532 0.24094 0.0894535 0.472938 0.828769 0.26511 0.17968 0.0882004 0.935251 0.905183 0.861987 0.194431 0.271296 0.399402 0.940931 0.313372 0.738623 0.226934 0.514054 0.942859 0.250327 0.649973 0.432338 0.024147 0.835206 0.934472 0.466121 0.699106 0.769599 0.277804 0.981129 0.0761315 0.508745 0.0805827 0.53907 0.347514 0.335693 0.70875 0.425714 0.280944 0.623933 0.297702 0.465375 0.885229 0.687104 0.416305 0.208601 0.435727 0.63324 0.712655 0.388586 0.873566 0.372629 0.810924 0.887713 0.217835 0.755395 0.363834 0.906941 0.534994 0.631639 0.89807 0.601126 0.150383 0.968653 0.150196 0.487897 0.314346 0.848946 0.903611 0.585289 0.482879 0.211313 0.0606639 0.378107 0.888417 0.466969 0.576709 
0.66239 0.684507 0.210825 0.645357 0.831779 0.825602 0.972605 0.295671 0.888377 0.822382 0.281286 0.947042 0.918977 0.260306 0.134465 0.0289191 0.451974 0 0.334144 0.110209 0.299364 0.712729 0.973775 0.661993 0.533653 0.871488 0.869828 0.299048 0.245323 0.786769 0.824042 0.866961 0.694839 0.435168 0.0273445 0.673491 0.575364 0.505242 0.977837 0.434309 0.418853 0.573126 0.907188 0.620166 0.62379 0.295295 0.518583 0.100759 0.862004 0.842727 0.200968 0.171368 0.565456 0.184743 0.823361 0.109109 0.0662309 0.703189 0.398157 0.301554 0.499958 0.2322 0.178515 0.204796 0.657368 0.195859 0.868287 0.242732 0.691101 0.856124 0.667042 0.119954 0.439251 0.58423 0.73012 0.0730409 0.869525 0.258703 0.1638 0.741529 0.11143 0.354768 0.902898 0.666887 0.529511 0.736259 0.765996 0.585742 0.449448 0.174153 0.877295 0.939406 0.396353 0.0658103 0.154202 0.0637215 0.25167 0.0324896 0.296454 0.932771 
0.934982 0.858078 0.486443 0.257921 0.0484085 0.810632 0.164429 0.804809 0.359449 0.687881 0.352351 0.890074 0.406479 0.412611 0.119749 0.795335 0.8539 0.334144 0 0.878614 0.953495 0.0627249 0.327865 0.547725 0.782845 0.390906 0.42725 0.0515486 0.544706 0.178779 0.152979 0.889474 0.0916766 0.809866 0.428985 0.817936 0.585862 0.0247269 0.277384 0.750015 0.892022 0.22679 0.156368 0.947833 0.370992 0.21009 0.209502 0.393482 0.496544 0.152273 0.282096 0.460039 0.204998 0.59996 0.0177635 0.977843 0.980866 0.435013 0.0393918 0.535572 0.603792 0.182371 0.435046 0.685469 0.982237 0.854031 0.513404 0.578098 0.868758 0.780788 0.338113 0.77078 0.0175779 0.484482 0.728613 0.37857 0.684572 0.928116 0.762051 0.191115 0.0903888 0.0541468 0.641154 0.285387 0.644107 0.648918 0.27323 0.634973 0.0939308 0.302622 0.180545 0.687723 0.474993 0.605591 0.383192 0.467229 0.469622 0.886596 0.0553275 0.34838 
0.578417 0.929797 0.486235 0.107649 0.517614 0.777933 0.513958 0.275157 0.201167 0.0463704 0.449702 0.704543 0.175442 0.319335 0.72559 0.47303 0.825128 0.110209 0.878614 0 0.677384 0.383441 0.129161 0.684962 0.857923 0.847774 0.0735318 0.552494 0.78589 0.825583 0.73361 0.866278 0.86973 0.384764 0.161665 0.523837 0.0436814 0.424895 0.16881 0.127612 0.717517 0.339355 0.805335 0.20251 0.934947 0.198527 0.659739 0.414569 0.0951231 0.705066 0.752949 0.762507 0.0985071 0.87211 0.457469 0.94643 0.729884 0.521001 0.508924 0.525774 0.356584 0.252534 0.402052 0.236314 0.627298 0.553717 0.750151 0.660979 0.968613 0.908961 0.778591 0.696129 0.258317 0.593926 0.888639 0.203263 0.782453 0.558378 0.607832 0.867576 0.273444 0.370782 0.640084 0.361951 0.252892 0.107553 0.318381 0.972776 0.618554 0.817305 0.508549 0.965139 0.079839 0.900601 0.211453 0.697137 0.464319 0.951604 0.368116 0.442931 
0.333083 0.158922 0.127218 0.594425 0.666461 0.761846 0.776854 0.350111 0.945201 0.605554 0.717051 0.420625 0.365417 0.346279 0.174754 0.126257 0.801683 0.299364 0.953495 0.677384 0 0.870566 0.156707 0.149061 0.138882 0.740633 0.0476999 0.332146 0.533087 0.596078 0.929978 0.410663 0.859522 0.31076 0.0607468 0.231473 0.553651 0.1583 0.539854 0.536427 0.766854 0.367159 0.0549765 0.741993 0.436998 0.945578 0.943446 0.144135 0.419897 0.90505 0.502251 0.852828 0.785616 0.648957 0.0118889 0.914498 0.399591 0.0495888 0.256644 0.922678 0.635666 0.196622 0.343341 0.505188 0.497382 0.394087 0.726661 0.0610335 0.542387 0.276515 0.587461 0.319242 0.633674 0.632437 0.0712346 0.0806724 0.588015 0.0246806 0.214807 0.0179118 0.919731 0.707058 0.86074 0.715347 0.366015 0.862629 0.639845 0.755606 0.902217 0.886489 0.688283 0.547884 0.0931116 0.0416241 0.0630723 0.580494 0.425711 0.779734 0.631527 0.958099 
0.0312533 0.418065 0.265839 0.531664 0.0874954 0.908034 0.588693 0.393932 0.867293 0.205117 0.413093 0.311004 0.665161 0.917185 0.4437 0.518425 0.292023 0.712729 0.0627249 0.383441 0.870566 0 0.0662488 0.228988 0.28734 0.689923 0.851425 0.348575 0.760595 0.44944 0.363255 0.965403 0.457352 0.292986 0.68246 0.328092 0.018333 0.0584753 0.200721 0.648178 0.804081 0.112938 0.544667 0.502365 0.650822 0.627779 0.533989 0.703894 0.218273 0.9497 0.493628 0.8398 0.917799 0.549877 0.078788 0.215139 0.2498 0.920213 0.553714 0.0203952 0.379653 0.90697 0.975798 0.827005 0.209956 0.668258 0.165097 0.218289 0.716733 0.355817 0.856467 0.530814 0.458755 0.411134 0.0431791 0.119577 0.0489134 0.567168 0.813472 0.257186 0.526868 0.317099 0.106986 0.454667 0.856976 0.175774 0.659806 0.116776 0.105987 0.223521 0.127171 0.475641 0.14049 0.112969 0.312646 0.340446 0.771227 0.467743 0.548735 0.49796 
0.900729 0.339427 0.0160763 0.455018 0.831814 0.437956 0.266136 0.860345 0.254583 0.720858 0.630926 0.09105 0.957755 0.299202 0.483745 0.892754 0.296532 0.973775 0.327865 0.129161 0.156707 0.0662488 0 0.81356 0.415202 0.0387742 0.282315 0.816336 0.0719533 0.391893 0.855249 0.629121 0.215364 0.122436 0.165989 0.522464 0.219422 0.610657 0.38944 0.385196 0.280463 0.496216 0.481183 0.493984 0.613387 0.946824 0.624474 0.716356 0.269469 0.95492 0.497582 0.727212 0.513654 0.985542 0.550772 0.918856 0.0343163 0.823087 0.745192 0.0962696 0.22498 0.610441 0.715391 0.430345 0.722877 0.87138 0.942809 0.932299 0.492037 0.342249 0.327495 0.7625 0.828465 0.798678 0.266484 0.451851 0.755502 0.880957 0.178207 0.0349711 0.845877 0.665789 0.752183 0.369531 0.661331 0.312955 0.298387 0.685647 0.146043 0.0535789 0.771917 0.361023 0.65402 0.497308 0.781368 0.386897 0.378688 0.734176 0.329196 0.860725 
0.308601 0.964825 0.441636 0.858013 0.163667 0.600136 0.383408 0.0534959 0.855326 0.024134 0.157651 0.899798 0.929421 0.884824 0.0916155 0.0645558 0.24094 0.661993 0.547725 0.684962 0.149061 0.228988 0.81356 0 0.0864251 0.64669 0.633225 0.90489 0.455368 0.889709 0.366741 0.22087 0.780666 0.534948 0.245841 0.636543 0.210737 0.988024 0.0160741 0.862068 0.310979 0.304461 0.557715 0.447022 0.34804 0.339633 0.798045 0.0120603 0.82694 0.589413 0.388958 0.215629 0.333589 0.708153 0.0863538 0.410014 0.364844 0.709579 0.324904 0.810212 0.609288 0.681645 0.0410818 0.399954 0.226593 0.276923 0.0464969 0.427329 0.274947 0.052571 0.299397 0.575926 0.347032 0.847113 0.032948 0.685072 0.196745 0.820993 0.687132 0.0336859 0.420406 0.08609 0.239314 0.743995 0.784243 0.315668 0.164009 0.159087 0.0352472 0.478913 0.959299 0.634535 0.170557 0.0103809 0.0444889 0.38715 0.277304 0.0809858 0.804479 0.54225 
0.173958 0.73543 0.336395 0.0505382 0.599576 0.76739 0.785836 0.349463 0.0526329 0.532594 0.106949 0.610959 0.924263 0.290757 0.0229219 0.571849 0.0894535 0.533653 0.782845 0.857923 0.138882 0.28734 0.415202 0.0864251 0 0.123557 0.113877 0.128176 0.460589 0.95099 0.151125 0.155661 0.157735 0.962117 0.832793 0.181421 0.392523 0.908883 0.410736 0.146518 0.703127 0.716404 0.300526 0.852214 0.741651 0.769439 0.821513 0.386186 0.929996 0.821894 0.420675 0.327146 0.109197 0.491661 0.141625 0.641448 0.605218 0.245502 0.759624 0.0758065 0.206492 0.900749 0.221467 0.354227 0.872866 0.0642609 0.525648 0.275389 0.963144 0.926384 0.411907 0.676271 0.652788 0.702433 0.538485 0.404439 0.481872 0.369998 0.780625 0.421868 0.201891 0.211299 0.739014 0.301089 0.69296 0.87064 0.932537 0.308178 0.126142 0.702161 0.373984 0.322634 0.61291 0.585452 0.666861 0.495776 0.639713 0.202509 0.761165 0.612857 
0.244121 0.515248 0.122951 0.0559513 0.722612 0.729212 0.543877 0.56183 0.671012 0.73914 0.429765 0.532959 0.410915 0.521161 0.325851 0.199273 0.472938 0.871488 0.390906 0.847774 0.740633 0.689923 0.0387742 0.64669 0.123557 0 0.138893 0.183072 0.299128 0.78168 0.875505 0.827613 0.196119 0.367377 0.20761 0.966744 0.779246 0.399502 0.188043 0.52826 0.690591 0.871003 0.4089 0.633127 0.189181 0.525042 0.345288 0.553165 0.837675 0.948198 0.148617 0.514536 0.453974 0.778329 0.707045 0.225139 0.401186 0.835938 0.398211 0.690314 0.627618 0.283716 0.527926 0.813737 0.641093 0.725537 0.790481 0.430339 0.135039 0.968524 0.948599 0.815629 0.849527 0.367499 0.458756 0.0487079 0.88254 0.794045 0.591873 0.730215 0.752243 0.73049 0.254751 0.216217 0.518819 0.951797 0.431356 0.910005 0.797735 0.819567 0.610318 0.435353 0.113283 0.148245 0.25909 0.744376 0.863782 0.059571 0.184715 0.98882 
0.38299 0.493077 0.0165095 0.541259 0.131136 0.544256 0.32652 0.919703 0.958216 0.903448 0.293944 0.827656 0.0816133 0.0813834 0.28766 0.94828 0.828769 0.869828 0.42725 0.0735318 0.0476999 0.851425 0.282315 0.633225 0.113877 0.138893 0 0.0380949 0.143314 0.814449 0.877622 0.500813 0.283206 0.91633 0.393353 0.0872504 0.518203 0.133568 0.829493 0.258692 0.37832 0.0557095 0.767511 0.340116 0.477065 0.687516 0.147851 0.306632 0.307834 0.573204 0.409915 0.446079 0.822294 0.164291 0.319861 0.871865 0.339007 0.318681 0.89996 0.472321 0.14313 0.787582 0.963134 0.416336 0.713912 0.366487 0.493586 0.242115 0.490056 0.333079 0.490807 0.858375 0.378789 0.268318 0.208492 0.845854 0.945834 0.346343 0.162486 0.263669 0.909546 0.562401 0.699748 0.74184 0.716692 0.0296084 0.623705 0.0656989 0.338289 0.533665 0.52802 0.471419 0.331247 0.501154 0.877755 0.055159 0.857642 0.381341 0.287274 0.357697 
0.849028 0.394451 0.285844 0.988984 0.213784 0.50779 0.27365 0.987923 0.427299 0.732944 0.428052 0.450865 0.504788 0.848743 0.146749 0.0853541 0.26511 0.299048 0.0515486 0.552494 0.332146 0.348575 0.816336 0.90489 0.128176 0.183072 0.0380949 0 0.704421 0.768081 0.226073 0.0932095 0.0463995 0.424565 0.929063 0.982234 0.760907 0.101549 0.255902 0.680454 0.65395 0.94565 0.432294 0.380642 0.965258 0.0659995 0.436341 0.313548 0.589665 0.954361 0.774967 0.910912 0.465515 0.662722 0.956071 0.333157 0.0540638 0.253345 0.680854 0.748484 0.0314257 0.896927 0.831694 0.0678252 0.331491 0.770757 0.060059 0.102399 0.862306 0.305961 0.772853 0.526256 0.261611 0.215147 0.896898 0.23687 0.271146 0.343239 0.540418 0.850811 0.3076 0.325385 0.771723 0.763115 0.978107 0.737794 0.106272 0.0421707 0.981138 0.777126 0.780655 0.0225642 0.684053 0.622349 0.0803894 0.0255443 0.403106 0.130448 0.117943 0.275413 
0.270226 0.324916 0.667345 0.817738 0.12909 0.624843 0.982025 0.623262 0.400157 0.762227 0.368812 0.21792 0.57597 0.660372 0.588186 0.0881765 0.17968 0.245323 0.544706 0.78589 0.533087 0.760595 0.0719533 0.455368 0.460589 0.299128 0.143314 0.704421 0 0.42641 0.880796 0.791669 0.678021 0.105942 0.698567 0.904891 0.367089 0.051806 0.455309 0.2279 0.349406 0.770693 0.989622 0.122521 0.7588 0.737416 0.218792 0.790971 0.728555 0.985918 0.581626 0.741119 0.679971 0.213975 0.811508 0.695515 0.607082 0.931957 0.803459 0.872494 0.368366 0.694254 0.674164 0.0563878 0.790197 0.382731 0.951279 0.167285 0.424537 0.416588 0.385185 0.763942 0.197281 0.384807 0.876463 0.946081 0.132223 0.105255 0.747052 0.850778 0.101174 0.338678 0.601897 0.771145 0.542653 0.423405 0.47666 0.159735 0.365362 0.290119 0.0422295 0.723728 0.974373 0.706393 0.770116 0.774569 0.0991238 0.731395 0.931854 0.513661 
0.0675439 0.635821 0.0951402 0.599134 0.943145 0.725152 0.341343 0.980758 0.271793 0.271712 0.875068 0.301146 0.671793 0.843713 0.690074 0.982184 0.0882004 0.786769 0.178779 0.825583 0.596078 0.44944 0.391893 0.889709 0.95099 0.78168 0.814449 0.768081 0.42641 0 0.157982 0.327039 0.287603 0.345263 0.701846 0.174066 0.301344 0.82407 0.269321 0.0583966 0.684847 0.360495 0.387075 0.296744 0.14164 0.919728 0.710149 0.6083 0.0894634 0.0855106 0.888419 0.121693 0.799239 0.872792 0.818086 0.579354 0.657361 0.90721 0.320749 0.599215 0.43087 0.468731 0.916255 0.708473 0.803995 0.628101 0.872539 0.115339 0.46217 0.151861 0.163736 0.157018 0.502356 0.540811 0.443762 0.633996 0.470539 0.163911 0.252296 0.550002 0.239422 0.150715 0.661695 0.0486601 0.0335065 0.489781 0.618014 0.680868 0.406991 0.928764 0.290083 0.827861 0.407495 0.216338 0.546335 0.22149 0.834438 0.428874 0.326829 0.306609 
0.70828 0.832429 0.224439 0.929084 0.140946 0.659563 0.681698 0.680652 0.644554 0.243467 0.309851 0.250487 0.987696 0.570566 0.124383 0.472641 0.935251 0.824042 0.152979 0.73361 0.929978 0.363255 0.855249 0.366741 0.151125 0.875505 0.877622 0.226073 0.880796 0.157982 0 0.570735 0.480564 0.453627 0.0830913 0.0313748 0.887389 0.707087 0.491914 0.0612996 0.949383 0.0519158 0.290721 0.110098 0.703611 0.329381 0.133605 0.203392 0.937396 0.804472 0.600383 0.876159 0.104555 0.438245 0.293654 0.310893 0.974579 0.505144 0.155331 0.413454 0.821972 0.45194 0.974189 0.312536 0.895567 0.0672801 0.333911 0.792955 0.764367 0.815825 0.844255 0.723751 0.857741 0.144976 0.823849 0.571352 0.464357 0.947453 0.764744 0.411753 0.761925 0.375127 0.297912 0.85648 0.803372 0.581566 0.177373 0.787951 0.0967095 0.322704 0.211405 0.908682 0.764644 0.195593 0.231218 0.670211 0.252874 0.55513 0.473166 0.0272409 
0.340861 0.577733 0.937288 0.384279 0.540329 0.185758 0.776337 0.73634 0.412776 0.200277 0.191013 0.409878 0.0158793 0.651099 0.185575 0.0532109 0.905183 0.866961 0.889474 0.866278 0.410663 0.965403 0.629121 0.22087 0.155661 0.827613 0.500813 0.0932095 0.791669 0.327039 0.570735 0 0.380954 0.32742 0.740991 0.248695 0.462396 0.57484 0.810047 0.916753 0.532293 0.584791 0.338506 0.304218 0.949918 0.626418 0.170698 0.76329 0.217984 0.338071 0.56124 0.304693 0.650775 0.762645 0.223375 0.425419 0.948239 0.444593 0.10563 0.211112 0.989723 0.568795 0.228353 0.380677 0.886216 0.959344 0.619373 0.358612 0.544184 0.43942 0.285365 0.0864775 0.0342106 0.613871 0.380696 0.974129 0.250289 0.541394 0.747418 0.458273 0.869465 0.318659 0.752966 0.53024 0.0913036 0.966341 0.945659 0.0495422 0.420935 0.061289 0.250654 0.420658 0.620084 0.469007 0.791335 0.5163 0.438352 0.420707 0.864912 0.972536 
0.554276 0.850487 0.964971 0.240826 0.0709057 0.0565353 0.474412 0.022998 0.446708 0.350719 0.693252 0.718321 0.577614 0.632726 0.599613 0.247884 0.861987 0.694839 0.0916766 0.86973 0.859522 0.457352 0.215364 0.780666 0.157735 0.196119 0.283206 0.0463995 0.678021 0.287603 0.480564 0.380954 0 0.850127 0.160278 0.0690138 0.874338 0.764149 0.439709 0.858466 0.0244382 0.971103 0.615884 0.472711 0.850569 0.924543 0.235677 0.390809 0.0258465 0.212019 0.346468 0.0653886 0.622954 0.397757 0.306043 0.053611 0.0278416 0.76505 0.834946 0.534142 0.213402 0.265653 0.409054 0.195938 0.12578 0.559331 0.254952 0.0101179 0.33348 0.684662 0.858584 0.347918 0.665765 0.484468 0.810629 0.526334 0.419011 0.0563069 0.907143 0.434858 0.258326 0.263611 0.490246 0.871279 0.651369 0.786289 0.91489 0.66921 0.56134 0.759836 0.213352 0.764742 0.0354895 0.612405 0.95068 0.15127 0.181737 0.215633 0.151388 0.505217 
0.837656 0.273302 0.532084 0.519079 0.883712 0.534993 0.574973 0.872065 0.450735 0.678716 0.0140572 0.368638 0.85385 0.507837 0.466986 0.766632 0.194431 0.435168 0.809866 0.384764 0.31076 0.292986 0.122436 0.534948 0.962117 0.367377 0.91633 0.424565 0.105942 0.345263 0.453627 0.32742 0.850127 0 0.890294 0.0199719 0.843135 0.566059 0.49444 0.663764 0.102393 0.903451 0.710071 0.0195359 0.348309 0.958397 0.273147 0.828555 0.839676 0.914516 0.624844 0.764567 0.593726 0.196184 0.534403 0.797077 0.950926 0.559892 0.419483 0.911606 0.701162 0.591219 0.137239 0.84255 0.106436 0.0375327 0.852522 0.939571 0.593592 0.356962 0.613335 0.685985 0.270413 0.333406 0.695521 0.608722 0.301803 0.958668 0.447278 0.151479 0.883184 0.0821222 0.906046 0.486909 0.268306 0.450449 0.293987 0.229232 0.0203414 0.703469 0.150838 0.711504 0.304689 0.278076 0.564054 0.401125 0.305609 0.426576 0.350695 0.889201 
0.922143 0.120253 0.593901 0.42121 0.302283 0.611088 0.527902 0.486037 0.721868 0.436066 0.129833 0.0139005 0.898563 0.988131 0.1694 0.410227 0.271296 0.0273445 0.428985 0.161665 0.0607468 0.68246 0.165989 0.245841 0.832793 0.20761 0.393353 0.929063 0.698567 0.701846 0.0830913 0.740991 0.160278 0.890294 0 0.773538 0.95403 0.585187 0.053951 0.297436 0.290708 0.652673 0.589239 0.259376 0.109951 0.730719 0.15256 0.182073 0.646765 0.629469 0.440379 0.107214 0.913456 0.659611 0.117555 0.626925 0.800449 0.819059 0.921614 0.0885259 0.393112 0.332739 0.384135 0.809688 0.673434 0.283336 0.593226 0.637464 0.858523 0.637177 0.9249 0.159231 0.29985 0.52414 0.408607 0.399801 0.264858 0.551166 0.571875 0.901623 0.190635 0.0222541 0.018837 0.114091 0.671866 0.126392 0.731017 0.482315 0.935451 0.662631 0.560841 0.338563 0.985369 0.934976 0.158252 0.668803 0.228312 0.741477 0.316267 0.0968353 
0.467303 0.278029 0.199187 0.512651 0.229134 0.651342 0.387069 0.524325 0.385029 0.597177 0.918772 0.419031 0.0902248 0.0143945 0.855021 0.98304 0.399402 0.673491 0.817936 0.523837 0.231473 0.328092 0.522464 0.636543 0.181421 0.966744 0.0872504 0.982234 0.904891 0.174066 0.0313748 0.248695 0.0690138 0.0199719 0.773538 0 0.388654 0.251167 0.246066 0.678504 0.765307 0.644673 0.0883053 0.0401649 0.205839 0.65018 0.931788 0.386474 0.662434 0.940625 0.490565 0.344299 0.0770172 0.231582 0.816614 0.0224683 0.884213 0.387455 0.351032 0.879582 0.332431 0.499283 0.558385 0.550744 0.25076 0.864652 0.637579 0.629414 0.125819 0.873645 0.317918 0.881126 0.528318 0.396224 0.911291 0.724156 0.0564034 0.853079 0.12063 0.708837 0.803704 0.601196 0.0631368 0.870721 0.822778 0.869751 0.883189 0.716991 0.267207 0.244221 0.606573 0.589638 0.733504 0.174958 0.150382 0.974265 0.0496103 0.777961 0.613679 0.165429 
0.819302 0.297443 0.65824 0.315955 0.162935 0.0890647 0.0325396 0.959229 0.321881 0.519427 0.86139 0.986329 0.343739 0.34235 0.84493 0.124076 0.940931 0.575364 0.585862 0.0436814 0.553651 0.018333 0.219422 0.210737 0.392523 0.779246 0.518203 0.760907 0.367089 0.301344 0.887389 0.462396 0.874338 0.843135 0.95403 0.388654 0 0.661606 0.921597 0.0565553 0.199923 0.327821 0.957846 0.91408 0.374224 0.820925 0.0447101 0.0930617 0.634628 0.635906 0.146198 0.515349 0.468684 0.0259497 0.408539 0.195675 0.283156 0.64276 0.792247 0.862794 0.386264 0.957206 0.0231758 0.370529 0.0168158 0.791136 0.974208 0.172245 0.462742 0.905805 0.218801 0.652666 0.243626 0.186646 0.576745 0.607851 0.0175711 0.611455 0.690912 0.6422 0.257361 0.827111 0.167549 0.716045 0.84306 0.566088 0.901719 0.136217 0.218847 0.703967 0.989011 0.595111 0.671172 0.0221866 0.95564 0.677988 0.803323 0.939848 0.840234 0.276065 
0.447429 0.389905 0.695635 0.764716 0.944986 0.970783 0.217502 0.874893 0.861756 0.221462 0.853989 0.69324 0.683899 0.689162 0.393375 0.757412 0.313372 0.505242 0.0247269 0.424895 0.1583 0.0584753 0.610657 0.988024 0.908883 0.399502 0.133568 0.101549 0.051806 0.82407 0.707087 0.57484 0.764149 0.566059 0.585187 0.251167 0.661606 0 0.855654 0.0690341 0.918731 0.10928 0.245681 0.505476 0.707131 0.253252 0.126931 0.408043 0.885451 0.374292 0.245154 0.0630002 0.100337 0.0982143 0.619088 0.0120566 0.224431 0.827935 0.706024 0.223442 0.433047 0.387196 0.235628 0.398687 0.0751844 0.0489515 0.348535 0.905418 0.315017 0.214189 0.964452 0.243748 0.313469 0.220133 0.739223 0.0306 0.463384 0.856155 0.428643 0.358836 0.240447 0.663797 0.411836 0.330784 0.752011 0.0409235 0.332841 0.966442 0.858859 0.0488642 0.199884 0.301905 0.42606 0.425512 0.690592 0.491245 0.464464 0.0491279 0.406663 0.769481 
0.193937 0.651121 0.0763172 0.670853 0.0599471 0.246974 0.316288 0.732242 0.0559815 0.406114 0.017693 0.387334 0.897945 0.954596 0.056864 0.927726 0.738623 0.977837 0.277384 0.16881 0.539854 0.200721 0.38944 0.0160741 0.410736 0.188043 0.829493 0.255902 0.455309 0.269321 0.491914 0.810047 0.439709 0.49444 0.053951 0.246066 0.921597 0.855654 0 0.253317 0.381115 0.0232282 0.556786 0.591247 0.752452 0.577386 0.0646317 0.618606 0.0160294 0.413467 0.849053 0.669826 0.815303 0.189837 0.431837 0.846226 0.512678 0.40828 0.715085 0.551542 0.598164 0.0269905 0.967602 0.033676 0.707583 0.468847 0.48814 0.746711 0.86551 0.26762 0.0100279 0.256624 0.280849 0.556814 0.837872 0.0433003 0.144201 0.892503 0.651907 0.15023 0.315971 0.51096 0.810056 0.141274 0.690797 0.251894 0.9775 0.213474 0.650173 0.702585 0.755016 0.258337 0.719576 0.732618 0.282013 0.437159 0.211465 0.760153 0.193869 0.0869749 
0.816555 0.523186 0.566985 0.560033 0.687402 0.619861 0.644258 0.268432 0.142884 0.0774808 0.499027 0.263394 0.796 0.641719 0.919315 0.619355 0.226934 0.434309 0.750015 0.127612 0.536427 0.648178 0.385196 0.862068 0.146518 0.52826 0.258692 0.680454 0.2279 0.0583966 0.0612996 0.916753 0.858466 0.663764 0.297436 0.678504 0.0565553 0.0690341 0.253317 0 0.037773 0.193897 0.333599 0.308622 0.740711 0.181471 0.341922 0.874912 0.0839742 0.983829 0.0351419 0.389945 0.504788 0.835198 0.521218 0.205585 0.0970916 0.508718 0.409059 0.737265 0.221303 0.174075 0.985602 0.930879 0.896694 0.277614 0.378038 0.118159 0.0477667 0.561907 0.195134 0.0755397 0.745804 0.518733 0.374161 0.496516 0.690204 0.706083 0.381428 0.764179 0.699912 0.40657 0.164123 0.2147 0.251768 0.675342 0.410285 0.338859 0.19406 0.809344 0.086124 0.405363 0.97342 0.0817255 0.346242 0.880113 0.34934 0.71428 0.988273 0.387106 
0.130955 0.43946 0.826185 0.612117 0.328082 0.642208 0.477346 0.577165 0.574683 0.40822 0.912908 0.416668 0.355789 0.598043 0.500226 0.290339 0.514054 0.418853 0.892022 0.717517 0.766854 0.804081 0.280463 0.310979 0.703127 0.690591 0.37832 0.65395 0.349406 0.684847 0.949383 0.532293 0.0244382 0.102393 0.290708 0.765307 0.199923 0.918731 0.381115 0.037773 0 0.286187 0.193407 0.452646 0.0419912 0.70214 0.816807 0.528507 0.402345 0.532891 0.899934 0.176523 0.242803 0.316504 0.330647 0.447503 0.558271 0.0159884 0.847787 0.887131 0.200048 0.667132 0.963255 0.595412 0.650551 0.0549802 0.931654 0.540664 0.39432 0.655934 0.538937 0.771426 0.932121 0.722344 0.234072 0.964113 0.434485 0.0608796 0.502619 0.82683 0.58377 0.412554 0.013353 0.816573 0.719058 0.334 0.274075 0.287329 0.339988 0.131863 0.18446 0.530037 0.788994 0.157715 0.135448 0.449545 0.202695 0.0771027 0.98021 0.587015 
0.610372 0.0884517 0.246243 0.758785 0.367367 0.0579498 0.31002 0.134094 0.697999 0.803513 0.161478 0.49462 0.469806 0.421895 0.662979 0.671555 0.942859 0.573126 0.22679 0.339355 0.367159 0.112938 0.496216 0.304461 0.716404 0.871003 0.0557095 0.94565 0.770693 0.360495 0.0519158 0.584791 0.971103 0.903451 0.652673 0.644673 0.327821 0.10928 0.0232282 0.193897 0.286187 0 0.723037 0.529147 0.368441 0.665158 0.261491 0.592513 0.639271 0.685976 0.643393 0.15189 0.522806 0.237163 0.554444 0.526159 0.0637356 0.283502 0.850158 0.327811 0.560831 0.200147 0.449674 0.735291 0.720183 0.248668 0.883006 0.845632 0.688213 0.0957007 0.912734 0.678423 0.672715 0.645771 0.21757 0.0511562 0.32093 0.469061 0.633669 0.950201 0.165038 0.287062 0.112091 0.677843 0.514225 0.656536 0.214002 0.56796 0.930038 0.0741605 0.885771 0.500869 0.264307 0.345445 0.24616 0.97449 0.584113 0.139166 0.830122 0.282326 
0.467428 0.328528 0.250322 0.809643 0.244518 0.40289 0.843019 0.0796937 0.480909 0.465761 0.303081 0.0238225 0.246963 0.506169 0.688271 0.749455 0.250327 0.907188 0.156368 0.805335 0.0549765 0.544667 0.481183 0.557715 0.300526 0.4089 0.767511 0.432294 0.989622 0.387075 0.290721 0.338506 0.615884 0.710071 0.589239 0.0883053 0.957846 0.245681 0.556786 0.333599 0.193407 0.723037 0 0.224867 0.752856 0.950749 0.887582 0.408628 0.178319 0.928738 0.719558 0.63738 0.572408 0.679758 0.792418 0.849469 0.78185 0.480261 0.373694 0.448385 0.684263 0.931654 0.388423 0.748424 0.827425 0.879292 0.0227311 0.182869 0.135453 0.987222 0.756982 0.264619 0.827344 0.049308 0.479486 0.5902 0.0100569 0.377068 0.988828 0.178376 0.315806 0.718385 0.805756 0.878214 0.408144 0.608174 0.737683 0.199994 0.0984358 0.121377 0.638379 0.772699 0.0630306 0.0368023 0.531123 0.880455 0.906095 0.543854 0.0733249 0.051547 
0.762673 0.954078 0.18732 0.814023 0.245509 0.514251 0.831684 0.425874 0.964743 0.581024 0.374072 0.171877 0.59747 0.068513 0.494346 0.148411 0.649973 0.620166 0.947833 0.20251 0.741993 0.502365 0.493984 0.447022 0.852214 0.633127 0.340116 0.380642 0.122521 0.296744 0.110098 0.304218 0.472711 0.0195359 0.259376 0.0401649 0.91408 0.505476 0.591247 0.308622 0.452646 0.529147 0.224867 0 0.541076 0.820307 0.306166 0.378419 0.859615 0.775651 0.958619 0.859672 0.162719 0.957447 0.0480477 0.468526 0.685832 0.843804 0.356739 0.103976 0.461979 0.104422 0.293969 0.550414 0.215799 0.922348 0.333113 0.26883 0.949151 0.854237 0.159285 0.865245 0.408091 0.22261 0.906792 0.939166 0.0529172 0.222958 0.327586 0.902532 0.988609 0.296205 0.772204 0.161329 0.263652 0.810252 0.619854 0.939484 0.664056 0.966593 0.0534594 0.136034 0.0810158 0.337429 0.676449 0.286815 0.269777 0.0195623 0.545645 0.228928 
