100
0 0.799059 0.978702 0.965203 0.653901 0.150783 0.246832 0.160032 0.124226 0.0276981 0.526009 0.935946 0.47817 0.400898 0.219395 0.714055 0.844942 0.118947 0.798444 0.0657701 0.896613 0.032129 0.933308 0.0477114 0.204591 0.986492 0.122019 0.194982 0.279085 0.537485 0.832238 0.309934 0.346544 0.82094 0.285137 0.0104455 0.961723 0.521969 0.160477 0.0959489 0.539667 0.676486 0.0418952 0.0278371 0.0873841 0.25129 0.731892 0.922326 0.360237 0.540337 0.978096 0.26685 0.562466 0.921404 0.304561 0.757057 0.917896 0.41658 0.942039 0.206981 0.944066 0.784277 0.506915 0.30061 0.615217 0.782052 0.301055 0.58694 0.314022 0.451533 0.672889 0.843689 0.138019 0.704784 0.861526 0.215403 0.946074 0.603418 0.147729 0.316311 0.153755 0.135825 0.573161 0.706221 0.0672288 0.867722 0.473278 0.975125 0.294303 0.425317 0.192106 0.248368 0.219594 0.68902 0.538978 0.824811 0.481073 0.830034 0.421752 0.785094 
0.799059 0 0.291566 0.104641 0.638783 0.419585 0.799425 0.510309 0.624988 0.755499 0.123728 0.762717 0.0818101 0.267483 0.888542 0.644971 0.963704 0.94577 0.522693 0.446983 0.930895 0.806995 0.8623 0.133001 0.0653638 0.0918942 0.812021 0.594342 0.906706 0.303094 0.434376 0.338457 0.0981878 0.715942 0.433098 0.726971 0.145527 0.242523 0.24728 0.760515 0.988023 0.361008 0.533232 0.0798326 0.618491 0.431774 0.714803 0.592195 0.387544 0.247496 0.0491774 0.328439 0.0644916 0.901477 0.45144 0.119855 0.983371 0.273461 0.704197 0.900077 0.566555 0.148573 0.248534 0.654743 0.854515 0.671632 0.391714 0.0100424 0.904156 0.628994 0.760558 0.902178 0.980001 0.30379 0.972011 0.608492 0.725564 0.696814 0.210687 0.123108 0.93431 0.249864 0.441548 0.988802 0.161341 0.882988 0.118657 0.154713 0.166449 0.812855 0.0647895 0.723004 0.951428 0.303324 0.387747 0.815943 0.964956 0.769461 0.815985 0.879111 
0.978702 0.291566 0 0.408455 0.586543 0.79129 0.398456 0.880333 0.7733 0.0169476 0.615897 0.480114 0.217634 0.729005 0.424424 0.457498 0.180552 0.423226 0.608839 0.0735403 0.531883 0.753552 0.22999 0.354738 0.808341 0.942994 0.316165 0.121665 0.340741 0.142108 0.0966209 0.120202 0.948094 0.965732 0.518656 0.544637 0.767022 0.907112 0.434969 0.550322 0.91406 0.0608663 0.040436 0.141694 0.779871 0.45486 0.589192 0.950424 0.868086 0.208031 0.0339641 0.409969 0.951583 0.253954 0.754707 0.769924 0.206947 0.0808723 0.881589 0.537688 0.212981 0.96821 0.64789 0.171074 0.943943 0.176546 0.705711 0.720965 0.0936586 0.15068 0.281287 0.0177184 0.201546 0.311723 0.149412 0.971418 0.756583 0.728604 0.931841 0.634669 0.926636 0.955805 0.0546379 0.888219 0.219759 0.799345 0.668143 0.416706 0.870217 0.559733 0.944395 0.0931976 0.537943 0.602285 0.254272 0.491886 0.768831 0.949982 0.22285 0.85249 
0.965203 0.104641 0.408455 0 0.110663 0.494137 0.860208 0.302209 0.795859 0.0196205 0.283627 0.562442 0.738225 0.225468 0.207111 0.674861 0.191274 0.251749 0.57308 0.401033 0.0610935 0.251223 0.807739 0.921311 0.800956 0.762134 0.0245082 0.348899 0.374419 0.26878 0.830784 0.15325 0.228762 0.0636345 0.0157396 0.329425 0.547771 0.865948 0.621634 0.353631 0.875568 0.895261 0.906073 0.623793 0.130729 0.123184 0.308654 0.312002 0.364932 0.871734 0.703035 0.416026 0.132957 0.520774 0.347336 0.923912 0.292908 0.361844 0.282811 0.657326 0.620624 0.123595 0.800576 0.839387 0.17723 0.806316 0.178812 0.715001 0.682263 0.790446 0.0786315 0.567832 0.695706 0.974704 0.201625 0.816435 0.107888 0.500279 0.138437 0.46282 0.382013 0.831472 0.868846 0.504969 0.362246 0.226182 0.438882 0.645153 0.578026 0.711693 0.312479 0.208651 0.825288 0.123055 0.0580376 0.0125172 0.919371 0.226849 0.717518 0.611634 
0.653901 0.638783 0.586543 0.110663 0 0.027295 0.78615 0.189466 0.713001 0.770854 0.381091 0.539436 0.868742 0.87137 0.667873 0.341562 0.263383 0.509345 0.220407 0.758352 0.861591 0.436589 0.207234 0.516744 0.0246155 0.908926 0.819224 0.223266 0.744214 0.932279 0.271304 0.746731 0.86165 0.488153 0.474249 0.483284 0.505448 0.270399 0.66275 0.228449 0.0512527 0.0538414 0.757886 0.909994 0.915211 0.435759 0.261556 0.188594 0.935104 0.471963 0.936946 0.806695 0.898552 0.15418 0.33344 0.913168 0.0731063 0.162663 0.146434 0.80732 0.104943 0.407738 0.564051 0.956593 0.885891 0.0483007 0.449877 0.401339 0.3087 0.122628 0.619789 0.349952 0.166469 0.387674 0.269947 0.0916805 0.813433 0.521502 0.270275 0.758538 0.983465 0.217221 0.575233 0.892018 0.361401 0.898673 0.815185 0.424507 0.0713361 0.951619 0.241828 0.166279 0.369357 0.795879 0.132871 0.265248 0.83418 0.572749 0.656588 0.15288 
0.150783 0.419585 0.79129 0.494137 0.027295 0 0.685376 0.286376 0.492832 0.841845 0.664051 0.752779 0.923526 0.487484 0.284281 0.2038 0.256022 0.277746 0.411021 0.821255 0.179764 0.762423 0.729927 0.984949 0.19693 0.791263 0.946568 0.428758 0.947542 0.325926 0.234637 0.0904137 0.581174 0.0788168 0.653162 0.247761 0.221696 0.348539 0.524138 0.704528 0.200384 0.198189 0.467307 0.133909 0.675673 0.741588 0.32771 0.921695 0.0293343 0.728731 0.75295 0.199098 0.501153 0.492877 0.194047 0.688083 0.294141 0.150616 0.126841 0.251683 0.466541 0.351478 0.332097 0.0577151 0.420295 0.975259 0.295477 0.631991 0.333797 0.809615 0.34652 0.524181 0.0178034 0.803827 0.64809 0.683477 0.555414 0.9658 0.615172 0.574749 0.704531 0.378122 0.763847 0.215684 0.860999 0.947894 0.893768 0.16514 0.10851 0.0306092 0.406823 0.565052 0.372087 0.728919 0.612767 0.782382 0.714178 0.898243 0.424374 0.0579758 
0.246832 0.799425 0.398456 0.860208 0.78615 0.685376 0 0.717858 0.760894 0.572157 0.725661 0.57472 0.230247 0.419138 0.140134 0.206047 0.0443097 0.704883 0.900578 0.412431 0.47873 0.126263 0.28343 0.436624 0.0300308 0.43857 0.535135 0.0506401 0.835393 0.110186 0.412727 0.574312 0.712953 0.20511 0.29849 0.621196 0.619484 0.346466 0.349054 0.390377 0.908623 0.0847153 0.955097 0.148871 0.493853 0.105232 0.344918 0.528163 0.800115 0.255497 0.930594 0.288845 0.371759 0.224025 0.715469 0.39179 0.652595 0.260604 0.43243 0.497987 0.36079 0.835158 0.0822995 0.0837431 0.0502677 0.37079 0.694939 0.659751 0.707256 0.0539934 0.0601287 0.625879 0.128709 0.025226 0.76475 0.612562 0.120458 0.119668 0.150725 0.910573 0.365165 0.0913192 0.209417 0.726924 0.305344 0.914887 0.128715 0.947938 0.185491 0.551145 0.455926 0.536281 0.396303 0.528225 0.610024 0.43657 0.889015 0.314963 0.106322 0.606271 
0.160032 0.510309 0.880333 0.302209 0.189466 0.286376 0.717858 0 0.358957 0.15645 0.242151 0.477666 0.171676 0.0169009 0.100228 0.282134 0.126569 0.240953 0.202707 0.481734 0.322272 0.402124 0.218658 0.617615 0.327011 0.337373 0.575554 0.502502 0.878518 0.0414793 0.0487824 0.284821 0.559704 0.648806 0.711391 0.458719 0.95377 0.807713 0.0749906 0.322727 0.954163 0.307141 0.790392 0.13584 0.314042 0.88062 0.407974 0.430611 0.131572 0.60068 0.902345 0.443844 0.0128045 0.131004 0.0714593 0.329815 0.458376 0.637013 0.822317 0.346894 0.668492 0.861099 0.621715 0.238197 0.519906 0.343106 0.686916 0.483676 0.160818 0.751907 0.796402 0.124982 0.0690479 0.596794 0.250821 0.37309 0.487414 0.648795 0.793701 0.608986 0.259475 0.706047 0.0628303 0.26228 0.82705 0.12429 0.582095 0.295427 0.751303 0.414412 0.632321 0.429795 0.285511 0.264036 0.657991 0.795417 0.597141 0.354907 0.289093 0.74796 
0.124226 0.624988 0.7733 0.795859 0.713001 0.492832 0.760894 0.358957 0 0.116814 0.0954949 0.862941 0.175862 0.682289 0.123762 0.538952 0.179703 0.762557 0.342653 0.77869 0.0320323 0.0587001 0.83152 0.284312 0.87575 0.94581 0.856407 0.181177 0.707112 0.280819 0.803498 0.146907 0.55633 0.0775337 0.794898 0.361748 0.664675 0.159806 0.64084 0.422635 0.26662 0.726335 0.295576 0.432482 0.418624 0.409338 0.961434 0.588328 0.181895 0.314087 0.377017 0.203928 0.362787 0.218537 0.47824 0.248538 0.174347 0.344647 0.419715 0.871459 0.615466 0.233213 0.0283657 0.181796 0.300747 0.813264 0.533544 0.955422 0.963069 0.184384 0.388056 0.239689 0.900719 0.673632 0.662171 0.329343 0.0929707 0.633605 0.907671 0.264866 0.937692 0.294688 0.458794 0.310479 0.503226 0.927033 0.549017 0.667573 0.28168 0.958732 0.549031 0.887146 0.201945 0.567397 0.078942 0.492691 0.390661 0.602486 0.458113 0.36373 
0.0276981 0.755499 0.0169476 0.0196205 0.770854 0.841845 0.572157 0.15645 0.116814 0 0.77687 0.836169 0.59342 0.687589 0.519801 0.265591 0.0269323 0.602772 0.889195 0.924603 0.857638 0.836887 0.229292 0.326432 0.157367 0.722518 0.263465 0.696384 0.40009 0.535145 0.665116 0.939122 0.432291 0.85706 0.516519 0.501233 0.359751 0.89718 0.113719 0.807864 0.27091 0.880589 0.654033 0.85433 0.578177 0.183835 0.12992 0.59511 0.776607 0.0291156 0.529713 0.644245 0.856003 0.749005 0.960677 0.0233694 0.481522 0.234142 0.709753 0.871612 0.759287 0.384869 0.820734 0.201578 0.251929 0.347252 0.692811 0.60168 0.254432 0.79653 0.419544 0.515342 0.687118 0.0835773 0.379672 0.275296 0.257412 0.499592 0.860405 0.0440187 0.518708 0.400118 0.678264 0.384711 0.159123 0.64894 0.39808 0.630645 0.873082 0.117833 0.512258 0.642369 0.492702 0.342992 0.833947 0.73463 0.680244 0.536758 0.34631 0.924676 
0.526009 0.123728 0.615897 0.283627 0.381091 0.664051 0.725661 0.242151 0.0954949 0.77687 0 0.343288 0.755855 0.450018 0.0404061 0.829432 0.81969 0.305702 0.0968438 0.329282 0.176107 0.130862 0.83799 0.566225 0.799126 0.232701 0.715348 0.458066 0.620781 0.355994 0.341148 0.728614 0.858251 0.973518 0.231316 0.211243 0.817465 0.955946 0.881487 0.364223 0.312257 0.816163 0.697511 0.0781114 0.276181 0.727917 0.897543 0.105871 0.0436184 0.984387 0.425154 0.209725 0.125249 0.273144 0.765951 0.914375 0.495845 0.491299 0.382442 0.126626 0.837293 0.71359 0.84524 0.705544 0.697108 0.0865564 0.906787 0.524572 0.0525027 0.798273 0.878795 0.35476 0.624436 0.586306 0.422871 0.890617 0.324222 0.330414 0.986489 0.357841 0.324801 0.421642 0.557566 0.440051 0.684787 0.333517 0.364426 0.190632 0.814816 0.736868 0.307258 0.662108 0.460458 0.162498 0.377652 0.167566 0.239055 0.294439 0.682138 0.281558 
0.935946 0.762717 0.480114 0.562442 0.539436 0.752779 0.57472 0.477666 0.862941 0.836169 0.343288 0 0.102712 0.570933 0.626317 0.717148 0.167238 0.059188 0.617766 0.481461 0.379602 0.614255 0.829301 0.694403 0.045897 0.396867 0.144454 0.720684 0.720384 0.49888 0.901315 0.545199 0.245748 0.218573 0.217307 0.696206 0.371072 0.584959 0.853772 0.600127 0.869398 0.54591 0.871684 0.96211 0.126843 0.508001 0.689259 0.284081 0.557189 0.317025 0.755542 0.926791 0.921279 0.594843 0.631195 0.957176 0.98171 0.765649 0.68786 0.712093 0.274529 0.599175 0.267292 0.510278 0.807748 0.4746 0.216484 0.18882 0.069559 0.0802562 0.778947 0.928957 0.616166 0.660631 0.901067 0.733009 0.178633 0.600326 0.0270901 0.725822 0.907351 0.772632 0.662613 0.83863 0.377475 0.303808 0.805806 0.369184 0.0794572 0.503665 0.0912775 0.343987 0.11284 0.34857 0.844264 0.910589 0.813169 0.0707485 0.109409 0.872728 
0.47817 0.0818101 0.217634 0.738225 0.868742 0.923526 0.230247 0.171676 0.175862 0.59342 0.755855 0.102712 0 0.141005 0.878356 0.811686 0.747171 0.548988 0.722753 0.49018 0.71762 0.333079 0.50727 0.453442 0.25043 0.289901 0.126055 0.0990594 0.657376 0.419864 0.894865 0.0365601 0.489321 0.40853 0.117838 0.823307 0.511371 0.456407 0.677572 0.43196 0.279577 0.73832 0.531369 0.162305 0.869325 0.419725 0.963991 0.626495 0.958713 0.696744 0.126675 0.686333 0.0398231 0.623945 0.149776 0.280253 0.903846 0.265831 0.369312 0.571222 0.675695 0.274177 0.597782 0.175015 0.672708 0.70562 0.988323 0.194079 0.172027 0.675894 0.616039 0.441604 0.424215 0.157408 0.59391 0.303539 0.567133 0.567901 0.920035 0.535846 0.274645 0.0567099 0.23218 0.304468 0.670655 0.371955 0.574721 0.584501 0.627786 0.934033 0.165723 0.313481 0.21821 0.753505 0.478496 0.880918 0.469125 0.476819 0.0849971 0.631152 
0.400898 0.267483 0.729005 0.225468 0.87137 0.487484 0.419138 0.0169009 0.682289 0.687589 0.450018 0.570933 0.141005 0 0.162713 0.691036 0.0827565 0.576928 0.838443 0.666666 0.870467 0.415576 0.244567 0.800502 0.941423 0.509211 0.847212 0.183602 0.803679 0.527866 0.545557 0.3884 0.122367 0.183344 0.332432 0.27809 0.486824 0.540643 0.0415955 0.955321 0.431561 0.500721 0.442139 0.506558 0.141873 0.594853 0.207594 0.214629 0.18178 0.056037 0.871295 0.0622474 0.461614 0.125862 0.852749 0.413036 0.625073 0.709961 0.586638 0.438752 0.247827 0.142196 0.817152 0.360195 0.31554 0.159584 0.628285 0.792364 0.690227 0.65988 0.757685 0.131788 0.170601 0.209824 0.628346 0.302474 0.794677 0.825939 0.507103 0.966457 0.871976 0.388399 0.0387046 0.34359 0.504261 0.881454 0.746626 0.139334 0.601415 0.343265 0.568086 0.839242 0.475461 0.395238 0.209437 0.781 0.544822 0.827722 0.583364 0.245049 
0.219395 0.888542 0.424424 0.207111 0.667873 0.284281 0.140134 0.100228 0.123762 0.519801 0.0404061 0.626317 0.878356 0.162713 0 0.497603 0.351049 0.366837 0.658204 0.550873 0.985182 0.950678 0.35555 0.821122 0.467781 0.332007 0.703098 0.846179 0.360712 0.0566881 0.36044 0.252166 0.793314 0.489774 0.843581 0.146579 0.0678598 0.692823 0.612039 0.453098 0.89226 0.403039 0.98792 0.729983 0.976404 0.242969 0.237585 0.337453 0.599806 0.885789 0.878326 0.594988 0.846467 0.243876 0.42611 0.324247 0.565883 0.139208 0.180426 0.916595 0.185896 0.530866 0.178761 0.96921 0.0306398 0.0323412 0.125789 0.0884997 0.715164 0.727828 0.531597 0.617424 0.140868 0.529517 0.357407 0.127272 0.762486 0.584992 0.454724 0.372292 0.480781 0.34305 0.95728 0.337248 0.576926 0.39339 0.651495 0.15281 0.522598 0.821921 0.0794045 0.698495 0.362787 0.248165 0.677705 0.383427 0.270506 0.793494 0.461927 0.97567 
0.714055 0.644971 0.457498 0.674861 0.341562 0.2038 0.206047 0.282134 0.538952 0.265591 0.829432 0.717148 0.811686 0.691036 0.497603 0 0.531322 0.983524 0.603095 0.66219 0.523042 0.950502 0.779462 0.295528 0.545494 0.244186 0.65782 0.0362753 0.577237 0.625101 0.363523 0.164163 0.0284909 0.0250179 0.306973 0.541089 0.836939 0.376377 0.249584 0.209727 0.614542 0.917289 0.583154 0.875048 0.720783 0.0550808 0.860719 0.262105 0.0486052 0.473814 0.914295 0.561647 0.434316 0.703757 0.847175 0.96981 0.937943 0.514996 0.0160853 0.52518 0.150096 0.369608 0.679343 0.168587 0.384626 0.976315 0.699676 0.231565 0.362692 0.93926 0.431292 0.967235 0.866549 0.0244458 0.852283 0.597331 0.0695266 0.723002 0.849436 0.108132 0.206816 0.773731 0.659779 0.631132 0.487488 0.516954 0.610942 0.435431 0.0419497 0.617027 0.950611 0.182046 0.976635 0.639953 0.340633 0.371261 0.626269 0.0503096 0.592827 0.978961 
0.844942 0.963704 0.180552 0.191274 0.263383 0.256022 0.0443097 0.126569 0.179703 0.0269323 0.81969 0.167238 0.747171 0.0827565 0.351049 0.531322 0 0.97957 0.0341187 0.956196 0.856119 0.0485645 0.818479 0.46345 0.108091 0.551481 0.322886 0.206223 0.748296 0.106618 0.856002 0.389428 0.584106 0.382956 0.0103697 0.0295371 0.414905 0.617396 0.970148 0.586951 0.604032 0.620101 0.917585 0.965293 0.25637 0.957894 0.56812 0.245331 0.947464 0.592238 0.211527 0.813582 0.630803 0.0400056 0.287032 0.728894 0.581486 0.599919 0.925117 0.339783 0.696536 0.791118 0.719211 0.290642 0.184074 0.719581 0.310179 0.588979 0.346977 0.290327 0.185931 0.941009 0.900429 0.113515 0.916302 0.166799 0.0814093 0.494421 0.40213 0.0388732 0.0966595 0.603657 0.842456 0.717462 0.633663 0.139488 0.456356 0.225149 0.729407 0.391473 0.554932 0.435943 0.192591 0.284143 0.716586 0.366665 0.013723 0.0367653 0.945644 0.3507 
0.118947 0.94577 0.423226 0.251749 0.509345 0.277746 0.704883 0.240953 0.762557 0.602772 0.305702 0.059188 0.548988 0.576928 0.366837 0.983524 0.97957 0 0.317093 0.141575 0.301709 0.227521 0.24509 0.22801 0.38432 0.316499 0.712431 0.77645 0.345373 0.799091 0.390107 0.197828 0.526553 0.0337696 0.327316 0.97291 0.248918 0.0667234 0.374382 0.79385 0.492667 0.556973 0.0879926 0.219253 0.913638 0.0917157 0.246018 0.869283 0.432416 0.553111 0.0208574 0.724124 0.770632 0.255947 0.942135 0.164952 0.562447 0.664566 0.931402 0.897819 0.473657 0.331509 0.105647 0.0102103 0.355278 0.422964 0.97312 0.594197 0.479687 0.357502 0.398047 0.962354 0.904476 0.47604 0.191607 0.828114 0.557755 0.427625 0.707397 0.980171 0.970735 0.718254 0.714295 0.751367 0.964202 0.66643 0.906319 0.536648 0.340996 0.847721 0.444467 0.804653 0.18923 0.540115 0.804863 0.534508 0.953078 0.787983 0.138705 0.442766 
0.798444 0.522693 0.608839 0.57308 0.220407 0.411021 0.900578 0.202707 0.342653 0.889195 0.0968438 0.617766 0.722753 0.838443 0.658204 0.603095 0.0341187 0.317093 0 0.155485 0.526752 0.41512 0.0699613 0.012792 0.596726 0.888075 0.560547 0.0343512 0.605472 0.550718 0.0150865 0.333727 0.275014 0.756454 0.307928 0.931444 0.672773 0.834576 0.282439 0.530494 0.289043 0.0970923 0.709724 0.819158 0.891956 0.254232 0.782237 0.689939 0.382938 0.235002 0.835424 0.89969 0.640122 0.895385 0.902482 0.246848 0.793461 0.473029 0.2712 0.408933 0.0337476 0.276286 0.73266 0.298761 0.0427399 0.0505877 0.240205 0.705513 0.875164 0.512644 0.246006 0.174207 0.599736 0.94573 0.983366 0.501692 0.209962 0.775602 0.201631 0.5829 0.0206044 0.0470549 0.49259 0.650726 0.93244 0.405072 0.887575 0.735901 0.868101 0.168775 0.154834 0.891849 0.435061 0.877494 0.20061 0.467801 0.918082 0.430815 0.183313 0.803246 
0.0657701 0.446983 0.0735403 0.401033 0.758352 0.821255 0.412431 0.481734 0.77869 0.924603 0.329282 0.481461 0.49018 0.666666 0.550873 0.66219 0.956196 0.141575 0.155485 0 0.933459 0.41932 0.967453 0.543195 0.37505 0.960819 0.0548873 0.575012 0.746421 0.246518 0.167912 0.757025 0.283573 0.650502 0.417752 0.226013 0.0655734 0.315327 0.951915 0.923674 0.474101 0.116749 0.825523 0.899162 0.984243 0.0361326 0.376963 0.912325 0.456947 0.550276 0.725571 0.400406 0.959596 0.703024 0.933601 0.344646 0.673843 0.978488 0.909658 0.430264 0.235006 0.0875697 0.197289 0.508579 0.728071 0.60504 0.724593 0.783645 0.910367 0.686507 0.717319 0.394468 0.793256 0.552842 0.30363 0.7875 0.578975 0.670593 0.709825 0.0459217 0.230869 0.445396 0.436328 0.200464 0.15842 0.379929 0.53511 0.822263 0.368417 0.454768 0.262526 0.593423 0.532337 0.449815 0.112003 0.270409 0.0648556 0.826595 0.0640534 0.965223 
0.896613 0.930895 0.531883 0.0610935 0.861591 0.179764 0.47873 0.322272 0.0320323 0.857638 0.176107 0.379602 0.71762 0.870467 0.985182 0.523042 0.856119 0.301709 0.526752 0.933459 0 0.523103 0.771372 0.369691 0.326359 0.334214 0.663321 0.123859 0.903189 0.343914 0.823683 0.93911 0.564782 0.279079 0.385438 0.755247 0.427499 0.755367 0.300357 0.259762 0.133783 0.745125 0.512288 0.717207 0.287462 0.952103 0.819209 0.547871 0.0269589 0.655804 0.601924 0.982181 0.188907 0.383296 0.361872 0.505266 0.707511 0.0351932 0.619124 0.6207 0.369107 0.452808 0.56981 0.923889 0.721887 0.945248 0.689136 0.159386 0.710614 0.979493 0.409147 0.834398 0.734618 0.911436 0.561604 0.0320798 0.873539 0.390814 0.569951 0.890498 0.0566179 0.181875 0.882679 0.235525 0.555171 0.254552 0.730791 0.272682 0.279745 0.359915 0.883381 0.638852 0.802722 0.463191 0.572741 0.534609 0.418439 0.271877 0.683995 0.139054 
0.032129 0.806995 0.753552 0.251223 0.436589 0.762423 0.126263 0.402124 0.0587001 0.836887 0.130862 0.614255 0.333079 0.415576 0.950678 0.950502 0.0485645 0.227521 0.41512 0.41932 0.523103 0 0.261371 0.103142 0.963451 0.985988 0.0245779 0.535056 0.0280682 0.888117 0.915869 0.588019 0.788615 0.962487 0.759893 0.681294 0.208012 0.325064 0.925845 0.928802 0.587746 0.21559 0.298717 0.481128 0.844442 0.11144 0.934319 0.427183 0.636049 0.362758 0.68906 0.330044 0.491812 0.940431 0.423186 0.465263 0.936419 0.437764 0.0103188 0.954487 0.335881 0.916188 0.552506 0.134495 0.888675 0.322399 0.805789 0.106687 0.637464 0.741634 0.0454894 0.23521 0.947225 0.334207 0.706338 0.801666 0.435646 0.650657 0.238849 0.081695 0.0234151 0.917909 0.401739 0.505227 0.86834 0.814924 0.96049 0.814759 0.262688 0.960809 0.779247 0.588569 0.886997 0.341753 0.713064 0.785672 0.654152 0.528853 0.882359 0.301616 
0.933308 0.8623 0.22999 0.807739 0.207234 0.729927 0.28343 0.218658 0.83152 0.229292 0.83799 0.829301 0.50727 0.244567 0.35555 0.779462 0.818479 0.24509 0.0699613 0.967453 0.771372 0.261371 0 0.280488 0.917848 0.526826 0.237713 0.262055 0.243164 0.0493789 0.687701 0.883821 0.278228 0.759396 0.897236 0.206138 0.171134 0.412463 0.0844777 0.976059 0.382953 0.889237 0.248747 0.353762 0.678484 0.827316 0.250759 0.0302363 0.550381 0.0464305 0.674389 0.0892342 0.918789 0.966005 0.359722 0.846638 0.502831 0.587435 0.118692 0.735995 0.626814 0.796393 0.629817 0.895042 0.565789 0.537053 0.111179 0.726924 0.939516 0.185657 0.712983 0.332469 0.0848941 0.95173 0.676231 0.753378 0.789046 0.91699 0.773614 0.349427 0.95342 0.458003 0.428661 0.88221 0.434007 0.778384 0.738847 0.926838 0.375818 0.84754 0.672834 0.0126319 0.653933 0.312651 0.897674 0.229722 0.839704 0.0188531 0.946646 0.78922 
0.0477114 0.133001 0.354738 0.921311 0.516744 0.984949 0.436624 0.617615 0.284312 0.326432 0.566225 0.694403 0.453442 0.800502 0.821122 0.295528 0.46345 0.22801 0.012792 0.543195 0.369691 0.103142 0.280488 0 0.19451 0.669629 0.131689 0.269404 0.631359 0.79792 0.032782 0.430405 0.72491 0.796396 0.769832 0.68833 0.264399 0.208494 0.58054 0.688406 0.976877 0.329387 0.625244 0.362696 0.186927 0.308078 0.365327 0.830859 0.610728 0.273001 0.0705815 0.460432 0.281854 0.0272273 0.259652 0.466364 0.686856 0.381341 0.725769 0.328214 0.189261 0.748551 0.74862 0.904171 0.554947 0.528452 0.602501 0.809345 0.726946 0.193041 0.507751 0.713823 0.512428 0.142995 0.0865184 0.689355 0.441073 0.441846 0.530214 0.0618015 0.704847 0.590796 0.512233 0.976701 0.608023 0.761885 0.453066 0.304879 0.153226 0.188834 0.623094 0.332487 0.927385 0.381713 0.246658 0.492332 0.900165 0.83916 0.311677 0.637111 
0.204591 0.0653638 0.808341 0.800956 0.0246155 0.19693 0.0300308 0.327011 0.87575 0.157367 0.799126 0.045897 0.25043 0.941423 0.467781 0.545494 0.108091 0.38432 0.596726 0.37505 0.326359 0.963451 0.917848 0.19451 0 0.0422009 0.809428 0.360933 0.544629 0.942423 0.437452 0.243984 0.393496 0.869298 0.764199 0.445298 0.584145 0.364994 0.947531 0.570846 0.963018 0.719416 0.0339115 0.277897 0.862643 0.212746 0.89099 0.20513 0.150131 0.282704 0.441788 0.632463 0.192869 0.290948 0.93414 0.819979 0.323149 0.753568 0.190913 0.857778 0.705991 0.618364 0.111762 0.109487 0.497662 0.865961 0.544785 0.0918068 0.240955 0.502316 0.652653 0.213973 0.231733 0.676564 0.48187 0.104375 0.87931 0.38286 0.299505 0.0394409 0.655564 0.731293 0.661904 0.838432 0.032241 0.606044 0.668411 0.34539 0.369612 0.849324 0.213168 0.0856029 0.477688 0.31493 0.18509 0.965351 0.190891 0.719875 0.0671574 0.421846 
0.986492 0.0918942 0.942994 0.762134 0.908926 0.791263 0.43857 0.337373 0.94581 0.722518 0.232701 0.396867 0.289901 0.509211 0.332007 0.244186 0.551481 0.316499 0.888075 0.960819 0.334214 0.985988 0.526826 0.669629 0.0422009 0 0.232192 0.70981 0.625819 0.453924 0.396374 0.117689 0.5483 0.285684 0.490549 0.837805 0.315125 0.156112 0.579098 0.967029 0.984545 0.601339 0.583072 0.662956 0.936729 0.942684 0.52228 0.159897 0.038287 0.989968 0.464827 0.213377 0.965319 0.645718 0.923253 0.0424763 0.0775637 0.165444 0.742286 0.693383 0.609369 0.148661 0.801072 0.167669 0.424345 0.30162 0.0154736 0.72947 0.447733 0.584572 0.706499 0.442277 0.195911 0.299571 0.115233 0.14264 0.252255 0.627513 0.292537 0.280542 0.627482 0.747363 0.483919 0.6028 0.403081 0.417172 0.635277 0.470645 0.572616 0.387563 0.174027 0.191985 0.526224 0.965099 0.349654 0.940569 0.276719 0.355128 0.680038 0.714452 
0.122019 0.812021 0.316165 0.0245082 0.819224 0.946568 0.535135 0.575554 0.856407 0.263465 0.715348 0.144454 0.126055 0.847212 0.703098 0.65782 0.322886 0.712431 0.560547 0.0548873 0.663321 0.0245779 0.237713 0.131689 0.809428 0.232192 0 0.929699 0.396537 0.16673 0.13561 0.686108 0.271963 0.26825 0.928363 0.889477 0.550786 0.218905 0.526958 0.30815 0.692825 0.139759 0.701231 0.119997 0.765035 0.181875 0.682613 0.162599 0.345903 0.864599 0.678822 0.321002 0.224253 0.629391 0.587721 0.56938 0.319429 0.312174 0.509079 0.705966 0.468903 0.63469 0.402074 0.730867 0.89294 0.340438 0.630343 0.453726 0.549343 0.167301 0.751876 0.252168 0.29706 0.463107 0.362164 0.0720953 0.634982 0.0547776 0.224694 0.970885 0.909376 0.893516 0.301887 0.143629 0.532907 0.879608 0.703009 0.842336 0.201782 0.222088 0.558303 0.660685 0.846778 0.950377 0.401552 0.749717 0.300815 0.0418954 0.213443 0.840158 
0.194982 0.594342 0.121665 0.348899 0.223266 0.428758 0.0506401 0.502502 0.181177 0.696384 0.458066 0.720684 0.0990594 0.183602 0.846179 0.0362753 0.206223 0.77645 0.0343512 0.575012 0.123859 0.535056 0.262055 0.269404 0.360933 0.70981 0.929699 0 0.199197 0.955319 0.102326 0.486257 0.428426 0.45449 0.548352 0.0734077 0.499268 0.763046 0.0542926 0.418644 0.666562 0.346179 0.552273 0.209469 0.235788 0.265282 0.0618055 0.42757 0.47737 0.610108 0.0982551 0.334148 0.570486 0.489807 0.0938654 0.861301 0.521703 0.297309 0.711459 0.710899 0.262628 0.803785 0.207156 0.681054 0.268275 0.745508 0.744462 0.757543 0.518554 0.788754 0.186187 0.195115 0.144934 0.72846 0.394584 0.370721 0.983741 0.44639 0.788291 0.471111 0.0664982 0.876546 0.795259 0.626984 0.376353 0.879125 0.498285 0.888056 0.186434 0.219744 0.608955 0.439062 0.0335287 0.806111 0.130116 0.291804 0.561619 0.864577 0.0593466 0.0901723 
0.279085 0.906706 0.340741 0.374419 0.744214 0.947542 0.835393 0.878518 0.707112 0.40009 0.620781 0.720384 0.657376 0.803679 0.360712 0.577237 0.748296 0.345373 0.605472 0.746421 0.903189 0.0280682 0.243164 0.631359 0.544629 0.625819 0.396537 0.199197 0 0.663332 0.235534 0.275288 0.798265 0.953993 0.659872 0.178987 0.947735 0.116262 0.957278 0.428846 0.17276 0.843824 0.234105 0.789744 0.230177 0.12323 0.298029 0.128233 0.299664 0.507773 0.727188 0.728725 0.531302 0.543299 0.848841 0.813105 0.114918 0.723419 0.862452 0.19509 0.39675 0.107985 0.460378 0.205015 0.0719785 0.13025 0.374002 0.0297131 0.236512 0.341279 0.448559 0.399272 0.195103 0.672664 0.199016 0.41528 0.785894 0.487045 0.533513 0.0955578 0.984818 0.2707 0.814283 0.526119 0.803999 0.673124 0.349225 0.908917 0.406543 0.221676 0.114007 0.793293 0.319662 0.564385 0.988308 0.38164 0.684634 0.37231 0.401353 0.911146 
0.537485 0.303094 0.142108 0.26878 0.932279 0.325926 0.110186 0.0414793 0.280819 0.535145 0.355994 0.49888 0.419864 0.527866 0.0566881 0.625101 0.106618 0.799091 0.550718 0.246518 0.343914 0.888117 0.0493789 0.79792 0.942423 0.453924 0.16673 0.955319 0.663332 0 0.70359 0.839912 0.320418 0.888693 0.522577 0.509434 0.313973 0.318471 0.986479 0.837486 0.404028 0.981296 0.118186 0.228312 0.517416 0.912185 0.891436 0.85664 0.831102 0.307979 0.0883169 0.935109 0.111272 0.397979 0.509493 0.109581 0.769619 0.204128 0.471891 0.180973 0.125274 0.185481 0.0308849 0.435691 0.0841736 0.543461 0.935125 0.388146 0.851932 0.931604 0.235632 0.26596 0.9229 0.343818 0.484272 0.450316 0.266003 0.385708 0.316956 0.107105 0.683687 0.395273 0.0522139 0.784959 0.783252 0.551707 0.88454 0.562871 0.745835 0.366431 0.733844 0.861109 0.541912 0.754729 0.3068 0.616085 0.30819 0.251925 0.0142318 0.170122 
0.832238 0.434376 0.0966209 0.830784 0.271304 0.234637 0.412727 0.0487824 0.803498 0.665116 0.341148 0.901315 0.894865 0.545557 0.36044 0.363523 0.856002 0.390107 0.0150865 0.167912 0.823683 0.915869 0.687701 0.032782 0.437452 0.396374 0.13561 0.102326 0.235534 0.70359 0 0.193529 0.239864 0.426082 0.126429 0.573682 0.900355 0.566745 0.829685 0.296063 0.873702 0.92679 0.96975 0.278975 0.969004 0.76471 0.0722268 0.530711 0.65925 0.625098 0.286546 0.0356805 0.368941 0.157655 0.567592 0.13367 0.454455 0.193678 0.43186 0.696381 0.197909 0.591982 0.87991 0.427773 0.0280645 0.0163395 0.0114549 0.918419 0.573085 0.83114 0.224482 0.456787 0.76793 0.204232 0.725761 0.746933 0.958941 0.787988 0.287645 0.628191 0.423086 0.564191 0.653872 0.782028 0.711846 0.231464 0.905698 0.176301 0.415141 0.347558 0.862682 0.603051 0.92954 0.752592 0.0408237 0.947604 0.758932 0.0422786 0.876023 0.342017 
0.309934 0.338457 0.120202 0.15325 0.746731 0.0904137 0.574312 0.284821 0.146907 0.939122 0.728614 0.545199 0.0365601 0.3884 0.252166 0.164163 0.389428 0.197828 0.333727 0.757025 0.93911 0.588019 0.883821 0.430405 0.243984 0.117689 0.686108 0.486257 0.275288 0.839912 0.193529 0 0.863418 0.110505 0.788803 0.641348 0.304737 0.524565 0.398281 0.273679 0.322553 0.675926 0.89187 0.735639 0.250116 0.555741 0.527667 0.951962 0.777205 0.443364 0.138264 0.202346 0.780922 0.0109461 0.795397 0.720462 0.753538 0.82622 0.678066 0.52247 0.858499 0.564089 0.854487 0.731917 0.664595 0.653291 0.383265 0.959332 0.187855 0.771546 0.24301 0.500408 0.457472 0.14488 0.246047 0.697588 0.690621 0.763714 0.659551 0.477826 0.217079 0.787814 0.670172 0.988001 0.78876 0.475569 0.718462 0.552299 0.311789 0.406528 0.0847693 0.180288 0.960618 0.929256 0.902205 0.635212 0.592547 0.29547 0.604544 0.770402 
0.346544 0.0981878 0.948094 0.228762 0.86165 0.581174 0.712953 0.559704 0.55633 0.432291 0.858251 0.245748 0.489321 0.122367 0.793314 0.0284909 0.584106 0.526553 0.275014 0.283573 0.564782 0.788615 0.278228 0.72491 0.393496 0.5483 0.271963 0.428426 0.798265 0.320418 0.239864 0.863418 0 0.0770165 0.837554 0.280811 0.524488 0.972434 0.516858 0.232077 0.673055 0.290572 0.881627 0.160881 0.497651 0.679442 0.821053 0.495652 0.478202 0.306621 0.224114 0.0405008 0.60841 0.620643 0.11527 0.778698 0.59126 0.0545266 0.690904 0.236473 0.637074 0.976374 0.831017 0.417476 0.0633907 0.678571 0.688287 0.577879 0.661005 0.215145 0.799956 0.34406 0.495717 0.691583 0.494941 0.983368 0.381024 0.325994 0.48902 0.849226 0.622615 0.703134 0.879727 0.241026 0.333776 0.984997 0.0297242 0.915037 0.0495238 0.710628 0.161509 0.676597 0.697002 0.982526 0.104073 0.750393 0.671097 0.78236 0.338272 0.342102 
0.82094 0.715942 0.965732 0.0636345 0.488153 0.0788168 0.20511 0.648806 0.0775337 0.85706 0.973518 0.218573 0.40853 0.183344 0.489774 0.0250179 0.382956 0.0337696 0.756454 0.650502 0.279079 0.962487 0.759396 0.796396 0.869298 0.285684 0.26825 0.45449 0.953993 0.888693 0.426082 0.110505 0.0770165 0 0.987505 0.148227 0.676163 0.493222 0.82981 0.181104 0.48659 0.220834 0.497098 0.965609 0.0800604 0.129713 0.678743 0.949787 0.360739 0.022519 0.944785 0.380463 0.927556 0.984308 0.101091 0.0990649 0.670906 0.788093 0.0915909 0.764979 0.548486 0.752688 0.557339 0.876758 0.10479 0.554844 0.0349849 0.770953 0.0580658 0.854795 0.942057 0.534655 0.085629 0.449155 0.510264 0.155689 0.568868 0.199007 0.115477 0.919607 0.211526 0.0702613 0.310071 0.149082 0.0645697 0.401162 0.238147 0.725476 0.199255 0.319738 0.500455 0.737741 0.0824256 0.0677943 0.624499 0.177216 0.612638 0.649484 0.938169 0.660704 
0.285137 0.433098 0.518656 0.0157396 0.474249 0.653162 0.29849 0.711391 0.794898 0.516519 0.231316 0.217307 0.117838 0.332432 0.843581 0.306973 0.0103697 0.327316 0.307928 0.417752 0.385438 0.759893 0.897236 0.769832 0.764199 0.490549 0.928363 0.548352 0.659872 0.522577 0.126429 0.788803 0.837554 0.987505 0 0.514278 0.890225 0.20536 0.589907 0.34938 0.705624 0.735597 0.908248 0.894631 0.841073 0.837855 0.116158 0.901335 0.157925 0.25524 0.955904 0.549087 0.483386 0.69138 0.738342 0.793124 0.201835 0.486083 0.86555 0.259629 0.120582 0.0527655 0.862268 0.760066 0.980934 0.532972 0.284344 0.881159 0.728331 0.864251 0.240539 0.443955 0.609848 0.158787 0.348587 0.460921 0.986642 0.454744 0.372256 0.154567 0.699984 0.33816 0.693655 0.19337 0.0395404 0.441997 0.976495 0.231375 0.91808 0.852044 0.481005 0.0486624 0.89481 0.353272 0.798728 0.885744 0.876244 0.0930719 0.776903 0.614575 
0.0104455 0.726971 0.544637 0.329425 0.483284 0.247761 0.621196 0.458719 0.361748 0.501233 0.211243 0.696206 0.823307 0.27809 0.146579 0.541089 0.0295371 0.97291 0.931444 0.226013 0.755247 0.681294 0.206138 0.68833 0.445298 0.837805 0.889477 0.0734077 0.178987 0.509434 0.573682 0.641348 0.280811 0.148227 0.514278 0 0.947323 0.0274421 0.0685307 0.567171 0.176229 0.407117 0.0380924 0.172871 0.851862 0.400348 0.317438 0.561846 0.728509 0.021093 0.745216 0.758049 0.45309 0.731711 0.979425 0.38117 0.593755 0.470429 0.419833 0.498565 0.813701 0.228561 0.394308 0.699945 0.311633 0.181211 0.324521 0.268956 0.198653 0.383051 0.826127 0.364883 0.780169 0.854219 0.527753 0.642031 0.264568 0.835192 0.213876 0.983076 0.846285 0.949093 0.751126 0.309375 0.690803 0.74055 0.680545 0.294558 0.220979 0.110378 0.783123 0.0446804 0.328939 0.187431 0.734626 0.630572 0.358643 0.0691462 0.889527 0.547296 
0.961723 0.145527 0.767022 0.547771 0.505448 0.221696 0.619484 0.95377 0.664675 0.359751 0.817465 0.371072 0.511371 0.486824 0.0678598 0.836939 0.414905 0.248918 0.672773 0.0655734 0.427499 0.208012 0.171134 0.264399 0.584145 0.315125 0.550786 0.499268 0.947735 0.313973 0.900355 0.304737 0.524488 0.676163 0.890225 0.947323 0 0.442197 0.725654 0.902179 0.232366 0.589873 0.439932 0.864397 0.844441 0.285124 0.0882733 0.837517 0.141409 0.0473659 0.598643 0.440784 0.728169 0.349193 0.131329 0.0327276 0.560172 0.231707 0.805851 0.594852 0.550646 0.983282 0.339478 0.191218 0.351925 0.398624 0.0907451 0.889221 0.830822 0.806399 0.8014 0.0731878 0.406273 0.251332 0.927585 0.260713 0.526457 0.0258579 0.108231 0.657866 0.0632238 0.696873 0.10865 0.781393 0.0560662 0.229979 0.804121 0.606238 0.451686 0.619971 0.211091 0.0123326 0.613253 0.540568 0.19355 0.955178 0.929193 0.274296 0.854399 0.770014 
0.521969 0.242523 0.907112 0.865948 0.270399 0.348539 0.346466 0.807713 0.159806 0.89718 0.955946 0.584959 0.456407 0.540643 0.692823 0.376377 0.617396 0.0667234 0.834576 0.315327 0.755367 0.325064 0.412463 0.208494 0.364994 0.156112 0.218905 0.763046 0.116262 0.318471 0.566745 0.524565 0.972434 0.493222 0.20536 0.0274421 0.442197 0 0.0906948 0.665799 0.833202 0.486967 0.907132 0.770787 0.737681 0.443588 0.786644 0.835911 0.111454 0.839868 0.542785 0.210103 0.631261 0.588851 0.430082 0.445382 0.205089 0.871768 0.0753529 0.406179 0.874101 0.678606 0.936748 0.0776513 0.643784 0.87594 0.341947 0.508183 0.655954 0.422642 0.183982 0.499156 0.899609 0.101114 0.279943 0.64729 0.534702 0.0765872 0.493201 0.636156 0.906455 0.0459856 0.836259 0.547717 0.624836 0.276341 0.983098 0.819925 0.15811 0.0684514 0.236105 0.0422105 0.737057 0.182853 0.109862 0.390841 0.068793 0.441809 0.889025 0.714748 
0.160477 0.24728 0.434969 0.621634 0.66275 0.524138 0.349054 0.0749906 0.64084 0.113719 0.881487 0.853772 0.677572 0.0415955 0.612039 0.249584 0.970148 0.374382 0.282439 0.951915 0.300357 0.925845 0.0844777 0.58054 0.947531 0.579098 0.526958 0.0542926 0.957278 0.986479 0.829685 0.398281 0.516858 0.82981 0.589907 0.0685307 0.725654 0.0906948 0 0.85445 0.0830069 0.223904 0.764059 0.174121 0.493847 0.421349 0.698823 0.560434 0.90455 0.344979 0.476889 0.940535 0.191238 0.034606 0.575372 0.457579 0.0277044 0.405297 0.605689 0.0861558 0.631402 0.637899 0.813213 0.804254 0.737761 0.214055 0.863047 0.18957 0.113079 0.587795 0.0540199 0.186086 0.801699 0.808079 0.350207 0.305545 0.239428 0.0590301 0.855979 0.153977 0.394009 0.342869 0.104513 0.575247 0.367475 0.669884 0.0428265 0.385179 0.0851812 0.638515 0.461335 0.706583 0.286415 0.284548 0.520837 0.0341759 0.488603 0.393885 0.213746 0.591682 
0.0959489 0.760515 0.550322 0.353631 0.228449 0.704528 0.390377 0.322727 0.422635 0.807864 0.364223 0.600127 0.43196 0.955321 0.453098 0.209727 0.586951 0.79385 0.530494 0.923674 0.259762 0.928802 0.976059 0.688406 0.570846 0.967029 0.30815 0.418644 0.428846 0.837486 0.296063 0.273679 0.232077 0.181104 0.34938 0.567171 0.902179 0.665799 0.85445 0 0.97168 0.257765 0.767768 0.783378 0.0758444 0.127975 0.0989237 0.305272 0.177005 0.944903 0.449249 0.561014 0.297772 0.543762 0.146261 0.655246 0.223646 0.179088 0.0504253 0.298828 0.807603 0.50176 0.0154106 0.104018 0.776308 0.526248 0.128194 0.274911 0.910133 0.331939 0.856592 0.891812 0.579705 0.63436 0.68519 0.645549 0.752335 0.774114 0.940821 0.91934 0.729017 0.400071 0.490354 0.0367888 0.933833 0.626615 0.682035 0.167479 0.795702 0.72246 0.456307 0.613305 0.23422 0.461718 0.707323 0.0205285 0.977965 0.825517 0.285439 0.898098 
0.539667 0.988023 0.91406 0.875568 0.0512527 0.200384 0.908623 0.954163 0.26662 0.27091 0.312257 0.869398 0.279577 0.431561 0.89226 0.614542 0.604032 0.492667 0.289043 0.474101 0.133783 0.587746 0.382953 0.976877 0.963018 0.984545 0.692825 0.666562 0.17276 0.404028 0.873702 0.322553 0.673055 0.48659 0.705624 0.176229 0.232366 0.833202 0.0830069 0.97168 0 0.167456 0.152031 0.79991 0.737161 0.776392 0.495101 0.39271 0.538726 0.279215 0.343531 0.468066 0.018232 0.733602 0.94842 0.0450208 0.677435 0.585035 0.717056 0.834914 0.390737 0.449516 0.301221 0.0140425 0.673737 0.752939 0.711366 0.684265 0.740904 0.546882 0.959704 0.649002 0.704338 0.121736 0.458912 0.451499 0.888127 0.944013 0.834209 0.436854 0.233228 0.18774 0.89492 0.24146 0.911341 0.85334 0.276481 0.598776 0.448375 0.983536 0.44369 0.829112 0.443053 0.734911 0.833155 0.12679 0.49785 0.55452 0.801055 0.248754 
0.676486 0.361008 0.0608663 0.895261 0.0538414 0.198189 0.0847153 0.307141 0.726335 0.880589 0.816163 0.54591 0.73832 0.500721 0.403039 0.917289 0.620101 0.556973 0.0970923 0.116749 0.745125 0.21559 0.889237 0.329387 0.719416 0.601339 0.139759 0.346179 0.843824 0.981296 0.92679 0.675926 0.290572 0.220834 0.735597 0.407117 0.589873 0.486967 0.223904 0.257765 0.167456 0 0.111403 0.770759 0.887756 0.805741 0.882495 0.356668 0.267239 0.780622 0.310681 0.111448 0.227476 0.533909 0.289187 0.132396 0.765369 0.210529 0.975736 0.0518493 0.799305 0.434111 0.0453857 0.252995 0.273223 0.478438 0.977906 0.116378 0.595228 0.485756 0.660898 0.406283 0.72451 0.762301 0.187042 0.622266 0.578041 0.0795366 0.968935 0.835281 0.850159 0.289616 0.936729 0.0876345 0.813525 0.235916 0.21003 0.588894 0.436445 0.195766 0.630743 0.24575 0.619877 0.666129 0.488745 0.8831 0.154567 0.476651 0.989478 0.739795 
0.0418952 0.533232 0.040436 0.906073 0.757886 0.467307 0.955097 0.790392 0.295576 0.654033 0.697511 0.871684 0.531369 0.442139 0.98792 0.583154 0.917585 0.0879926 0.709724 0.825523 0.512288 0.298717 0.248747 0.625244 0.0339115 0.583072 0.701231 0.552273 0.234105 0.118186 0.96975 0.89187 0.881627 0.497098 0.908248 0.0380924 0.439932 0.907132 0.764059 0.767768 0.152031 0.111403 0 0.952407 0.660376 0.156078 0.686917 0.432677 0.33312 0.319183 0.0207183 0.402656 0.298118 0.845999 0.262815 0.577733 0.792727 0.340449 0.401258 0.0386434 0.54048 0.980152 0.465088 0.726246 0.620895 0.700838 0.356123 0.297024 0.199582 0.249223 0.441591 0.666233 0.248701 0.191386 0.62864 0.899078 0.337463 0.325557 0.341755 0.660583 0.63474 0.352473 0.0732391 0.922858 0.208472 0.326054 0.510591 0.0111991 0.656503 0.901849 0.0398425 0.206983 0.892001 0.494931 0.923229 0.522896 0.205768 0.289352 0.80992 0.395351 
0.0278371 0.0798326 0.141694 0.623793 0.909994 0.133909 0.148871 0.13584 0.432482 0.85433 0.0781114 0.96211 0.162305 0.506558 0.729983 0.875048 0.965293 0.219253 0.819158 0.899162 0.717207 0.481128 0.353762 0.362696 0.277897 0.662956 0.119997 0.209469 0.789744 0.228312 0.278975 0.735639 0.160881 0.965609 0.894631 0.172871 0.864397 0.770787 0.174121 0.783378 0.79991 0.770759 0.952407 0 0.528575 0.26151 0.071584 0.767276 0.442896 0.690224 0.676354 0.77036 0.0257813 0.0281083 0.440942 0.650521 0.370581 0.504182 0.583379 0.569053 0.820235 0.10397 0.570252 0.486739 0.0158198 0.600094 0.683722 0.897821 0.105025 0.616951 0.430718 0.300793 0.896302 0.250637 0.686144 0.434877 0.502148 0.747728 0.212154 0.935044 0.447952 0.878508 0.715404 0.463733 0.896616 0.166346 0.124255 0.277197 0.660528 0.697634 0.83625 0.490763 0.791604 0.416502 0.967502 0.797424 0.026596 0.661224 0.705245 0.121621 
