100
0 0.0644557 0.914925 0.157618 0.338546 0.473665 0.13146 0.564238 0.175525 0.276787 0.194655 0.739449 0.488007 0.0822735 0.0155114 0.564954 0.252349 0.819631 0.485457 0.6197 0.127849 0.680433 0.733992 0.467635 0.351775 0.650303 0.719489 0.0715421 0.769095 0.131322 0.431748 0.535911 0.185777 0.356673 0.683528 0.514323 0.820337 0.804989 0.0885606 0.985862 0.0917762 0.273216 0.735311 0.569783 0.345489 0.740823 0.144737 0.587838 0.570453 0.620193 0.217538 0.688302 0.310627 0.94153 0.165938 0.652402 0.601833 0.875427 0.713944 0.380928 0.0167489 0.155692 0.906839 0.192526 0.502365 0.600368 0.696849 0.332702 0.415356 0.77541 0.328564 0.497133 0.0586254 0.0738758 0.0769157 0.394114 0.804699 0.211652 0.971953 0.385152 0.821846 0.199491 0.0834544 0.142473 0.151021 0.239392 0.784875 0.742855 0.124819 0.508819 0.133783 0.131568 0.654511 0.0506221 0.314095 0.166875 0.64099 0.0209437 0.489578 0.066346 
0.0644557 0 0.786354 0.808142 0.553479 0.834979 0.872018 0.620394 0.239093 0.686716 0.822047 0.221046 0.0818685 0.653892 0.410537 0.155323 0.786365 0.551558 0.384715 0.58124 0.304413 0.499535 0.100058 0.428196 0.621103 0.744569 0.468818 0.925197 0.901444 0.119808 0.936141 0.401022 0.176153 0.732495 0.219164 0.719632 0.577474 0.101182 0.350026 0.806567 0.777898 0.182073 0.0376135 0.849767 0.825965 0.438151 0.0150898 0.62233 0.979709 0.389805 0.21357 0.294122 0.87934 0.303629 0.712318 0.510442 0.0581975 0.191136 0.44564 0.949642 0.300943 0.391781 0.360664 0.467097 0.134276 0.569828 0.196729 0.70175 0.66101 0.536755 0.518317 0.448908 0.708828 0.54593 0.308675 0.544793 0.974081 0.313765 0.177124 0.96379 0.69357 0.380694 0.267912 0.582909 0.674322 0.97023 0.103352 0.72252 0.171365 0.538992 0.682162 0.462308 0.920773 0.0528258 0.919405 0.0650485 0.612654 0.126133 0.756798 0.283664 
0.914925 0.786354 0 0.652888 0.285115 0.722572 0.371716 0.821045 0.0412468 0.906509 0.805126 0.345012 0.0936329 0.778917 0.0485813 0.464327 0.0568285 0.62149 0.148649 0.0370581 0.714842 0.861169 0.198423 0.263834 0.553331 0.650731 0.194606 0.596157 0.580136 0.249655 0.218811 0.696269 0.0164528 0.492474 0.359157 0.291568 0.225046 0.720873 0.122613 0.256293 0.637383 0.917739 0.591304 0.721015 0.706656 0.629886 0.195342 0.753485 0.261376 0.333991 0.780543 0.966218 0.20516 0.968966 0.240052 0.748491 0.629697 0.424658 0.354648 0.219833 0.664313 0.563459 0.906103 0.670766 0.0659329 0.27526 0.952333 0.280979 0.986134 0.0849463 0.527271 0.633516 0.0126858 0.128576 0.364531 0.709342 0.748461 0.549874 0.472826 0.0198373 0.873865 0.263369 0.976055 0.0890252 0.242335 0.226107 0.827517 0.862032 0.640765 0.192165 0.0918659 0.315078 0.745623 0.987969 0.975844 0.801556 0.273229 0.938177 0.0925351 0.269362 
0.157618 0.808142 0.652888 0 0.0331231 0.609807 0.892879 0.0358089 0.728382 0.26741 0.735151 0.486844 0.807284 0.217977 0.496681 0.691149 0.471346 0.482736 0.770174 0.703681 0.698844 0.60769 0.575713 0.349609 0.789855 0.657579 0.654687 0.545479 0.655548 0.64053 0.357035 0.918777 0.588707 0.43957 0.198139 0.61183 0.0593767 0.101018 0.637639 0.777759 0.358428 0.38279 0.274603 0.175712 0.590767 0.761284 0.85686 0.072113 0.25402 0.637034 0.765794 0.942863 0.254724 0.351508 0.302472 0.0545795 0.0190869 0.947159 0.590058 0.664635 0.597689 0.937093 0.593412 0.196396 0.386663 0.781551 0.798226 0.43604 0.872569 0.445865 0.223799 0.240997 0.818655 0.488401 0.406709 0.419422 0.259685 0.273569 0.481535 0.503705 0.900603 0.257329 0.456568 0.165328 0.598837 0.74904 0.209907 0.607923 0.706199 0.789965 0.282558 0.313888 0.737058 0.86597 0.500285 0.133722 0.657521 0.308511 0.559761 0.54009 
0.338546 0.553479 0.285115 0.0331231 0 0.744376 0.77356 0.771088 0.573032 0.271962 0.187797 0.982454 0.521647 0.451366 0.473989 0.0353514 0.361969 0.721318 0.48192 0.517297 0.330154 0.24096 0.717204 0.928078 0.937159 0.517169 0.220636 0.261048 0.264228 0.0966063 0.751332 0.387949 0.744128 0.0698432 0.937711 0.294218 0.80422 0.721271 0.0753058 0.387251 0.983232 0.253102 0.379705 0.514879 0.694469 0.843694 0.54023 0.0664378 0.575012 0.0321499 0.573735 0.895166 0.26311 0.300939 0.833244 0.210269 0.808108 0.0638803 0.461317 0.0823359 0.150487 0.222649 0.460285 0.884614 0.282492 0.407996 0.188832 0.0967115 0.139267 0.254138 0.473963 0.132499 0.49724 0.843668 0.637378 0.201709 0.697362 0.187608 0.258147 0.282373 0.209758 0.821881 0.187539 0.462868 0.13282 0.0307835 0.663137 0.930928 0.0846638 0.134454 0.0232643 0.22515 0.347103 0.47355 0.119765 0.619595 0.871545 0.298597 0.706306 0.0208121 
0.473665 0.834979 0.722572 0.609807 0.744376 0 0.542735 0.190269 0.143311 0.0499752 0.0439367 0.770689 0.241684 0.731298 0.948298 0.489831 0.0236716 0.168056 0.321712 0.201211 0.620924 0.444533 0.221995 0.294061 0.385461 0.296658 0.418515 0.398725 0.511809 0.755618 0.862275 0.621573 0.385212 0.74382 0.91017 0.101519 0.754632 0.462905 0.281787 0.887944 0.50288 0.315724 0.668633 0.734564 0.0570225 0.626931 0.234395 0.0706941 0.784987 0.546107 0.261905 0.415911 0.98064 0.4739 0.699972 0.376101 0.760558 0.128488 0.764826 0.282367 0.874106 0.637101 0.89394 0.269318 0.390921 0.81411 0.360837 0.155553 0.287014 0.632624 0.0534969 0.779894 0.938348 0.71213 0.524458 0.985371 0.34906 0.748853 0.0660647 0.144047 0.30496 0.31797 0.549958 0.2956 0.781869 0.25993 0.661701 0.552427 0.378418 0.436527 0.824794 0.262524 0.0836277 0.728734 0.521842 0.464549 0.552843 0.872678 0.610102 0.829858 
0.13146 0.872018 0.371716 0.892879 0.77356 0.542735 0 0.515302 0.653599 0.619752 0.46365 0.375729 0.15421 0.459021 0.714789 0.893063 0.515086 0.848836 0.208024 0.823056 0.408794 0.493624 0.614925 0.658724 0.165325 0.177352 0.0471419 0.591852 0.0121463 0.299665 0.66548 0.73088 0.811507 0.140028 0.293723 0.694185 0.74013 0.133581 0.219488 0.403729 0.743333 0.673138 0.769457 0.887543 0.142159 0.494246 0.790606 0.647245 0.353082 0.988629 0.480301 0.751876 0.492253 0.105226 0.4206 0.647578 0.272578 0.457741 0.24943 0.274724 0.747407 0.904909 0.0156043 0.568914 0.0549375 0.299328 0.273099 0.785068 0.422908 0.482587 0.198796 0.176241 0.165725 0.958254 0.0737835 0.297884 0.4625 0.854389 0.935129 0.805582 0.853018 0.425429 0.567457 0.355272 0.520655 0.978057 0.0128496 0.783233 0.445798 0.252279 0.0679575 0.203205 0.167189 0.0735618 0.762119 0.212126 0.362889 0.0452182 0.987194 0.775798 
0.564238 0.620394 0.821045 0.0358089 0.771088 0.190269 0.515302 0 0.517805 0.19599 0.942039 0.67353 0.164244 0.0258223 0.961414 0.616744 0.870211 0.906542 0.432326 0.73323 0.341972 0.989783 0.0985016 0.852627 0.97784 0.101351 0.64586 0.433639 0.34363 0.703817 0.626844 0.500819 0.767379 0.398963 0.702946 0.140268 0.434181 0.700139 0.906066 0.941986 0.88613 0.858105 0.625516 0.0603739 0.873927 0.596929 0.667118 0.754139 0.513472 0.109444 0.497369 0.845443 0.109227 0.58587 0.70807 0.0970674 0.677221 0.36393 0.520706 0.0308518 0.0777471 0.15755 0.521671 0.835126 0.546513 0.234617 0.965395 0.970695 0.924756 0.881461 0.922681 0.820886 0.749566 0.558197 0.87126 0.633493 0.165126 0.548378 0.397631 0.668598 0.647821 0.885 0.524042 0.747048 0.48087 0.242112 0.834116 0.168091 0.596042 0.364822 0.188943 0.663789 0.512372 0.700614 0.508915 0.0688853 0.925231 0.484309 0.0495799 0.859987 
0.175525 0.239093 0.0412468 0.728382 0.573032 0.143311 0.653599 0.517805 0 0.37577 0.962261 0.690873 0.135336 0.530458 0.572132 0.758829 0.685584 0.13051 0.16646 0.364182 0.768331 0.0614599 0.878224 0.525379 0.53233 0.130336 0.369495 0.690421 0.716377 0.724317 0.869365 0.390166 0.246689 0.579979 0.889081 0.305574 0.515209 0.38339 0.345154 0.385196 0.749161 0.317415 0.0860688 0.874496 0.837872 0.648201 0.643325 0.533457 0.768711 0.799785 0.887639 0.547042 0.851245 0.775863 0.0824213 0.393575 0.896198 0.441916 0.0939963 0.622575 0.176233 0.953361 0.0227412 0.412922 0.54334 0.901822 0.708496 0.068549 0.295212 0.0636494 0.443745 0.0543728 0.371064 0.519814 0.918869 0.218937 0.178015 0.572194 0.742393 0.936726 0.381979 0.640032 0.493768 0.243224 0.425895 0.566189 0.626799 0.332093 0.0181057 0.710795 0.944668 0.184339 0.674156 0.957409 0.58726 0.227495 0.869231 0.305756 0.286044 0.174444 
0.276787 0.686716 0.906509 0.26741 0.271962 0.0499752 0.619752 0.19599 0.37577 0 0.359405 0.71979 0.218817 0.720469 0.249604 0.147686 0.929406 0.417619 0.70988 0.681799 0.364345 0.101859 0.331831 0.848113 0.335082 0.747726 0.424302 0.951881 0.0898184 0.432408 0.672676 0.0444865 0.606747 0.356831 0.0118959 0.204007 0.574327 0.871127 0.499763 0.850371 0.0555711 0.849168 0.58016 0.264388 0.579637 0.819764 0.402073 0.519043 0.247383 0.121953 0.210842 0.601728 0.213812 0.532673 0.459841 0.538894 0.290398 0.874143 0.500775 0.370217 0.316551 0.183451 0.404703 0.913298 0.530282 0.406599 0.127305 0.114609 0.287727 0.617068 0.954979 0.333298 0.476236 0.54514 0.587685 0.0658735 0.374904 0.979759 0.574917 0.612286 0.111712 0.775759 0.224014 0.315524 0.318432 0.673855 0.844418 0.59883 0.557998 0.355193 0.959047 0.864549 0.528644 0.37375 0.787847 0.0689263 0.77035 0.905152 0.173535 0.0680761 
0.194655 0.822047 0.805126 0.735151 0.187797 0.0439367 0.46365 0.942039 0.962261 0.359405 0 0.53222 0.138514 0.391374 0.0184565 0.673654 0.969059 0.07433 0.0585578 0.958818 0.639247 0.660844 0.0805298 0.425005 0.874858 0.386054 0.733437 0.558713 0.240472 0.342267 0.126711 0.585665 0.311314 0.98126 0.124309 0.675064 0.779107 0.183236 0.455414 0.694259 0.34677 0.51349 0.236479 0.475285 0.894864 0.244936 0.158939 0.873923 0.309266 0.207497 0.842741 0.938512 0.858341 0.91327 0.373517 0.743199 0.309324 0.116954 0.311912 0.539796 0.449221 0.428623 0.135461 0.750535 0.419882 0.24977 0.435599 0.208989 0.423006 0.881013 0.893248 0.759776 0.404502 0.139727 0.245061 0.309366 0.374663 0.394 0.193289 0.673928 0.591497 0.0460291 0.622441 0.459838 0.949299 0.985958 0.213037 0.268623 0.112912 0.514949 0.798419 0.552134 0.933572 0.92388 0.312668 0.363455 0.183651 0.738267 0.562444 0.596656 
0.739449 0.221046 0.345012 0.486844 0.982454 0.770689 0.375729 0.67353 0.690873 0.71979 0.53222 0 0.62928 0.465692 0.366433 0.0437822 0.595419 0.601494 0.343148 0.960082 0.985494 0.526437 0.64401 0.586991 0.562466 0.276451 0.0568287 0.521765 0.272409 0.259866 0.780389 0.375321 0.764815 0.588808 0.917455 0.708387 0.522688 0.240123 0.0818416 0.696339 0.968391 0.634285 0.302995 0.607671 0.109977 0.659428 0.641453 0.695396 0.270922 0.974601 0.665477 0.266416 0.511037 0.319488 0.843407 0.0835031 0.585938 0.890236 0.595268 0.848347 0.160102 0.385657 0.233669 0.914917 0.964465 0.161124 0.633304 0.497153 0.391247 0.705145 0.203492 0.369638 0.349431 0.496487 0.967309 0.449408 0.165915 0.618762 0.154804 0.426837 0.603362 0.810281 0.683254 0.1244 0.139768 0.536661 0.197903 0.715707 0.436897 0.783171 0.574054 0.586998 0.178828 0.797723 0.511915 0.153293 0.948846 0.155219 0.640446 0.350093 
0.488007 0.0818685 0.0936329 0.807284 0.521647 0.241684 0.15421 0.164244 0.135336 0.218817 0.138514 0.62928 0 0.850364 0.833937 0.709731 0.209795 0.340424 0.68704 0.649203 0.49634 0.315801 0.794006 0.913177 0.909164 0.614287 0.606431 0.0435638 0.744056 0.153091 0.231467 0.469762 0.579988 0.0246381 0.0538165 0.176986 0.193466 0.841539 0.678901 0.336759 0.800386 0.82412 0.967204 0.160479 0.684484 0.811142 0.86021 0.884279 0.161566 0.55725 0.543482 0.647906 0.863051 0.347488 0.571083 0.782215 0.951775 0.187514 0.815779 0.70583 0.330605 0.0572459 0.185593 0.900593 0.071884 0.229409 0.0875789 0.25535 0.0809486 0.75648 0.582109 0.871334 0.5906 0.559313 0.0418131 0.285084 0.380455 0.892023 0.179363 0.532021 0.459273 0.712845 0.189927 0.332325 0.0703325 0.75101 0.12454 0.0321074 0.928524 0.930319 0.727938 0.269129 0.977565 0.903531 0.179721 0.0594491 0.14294 0.2573 0.304799 0.213889 
0.0822735 0.653892 0.778917 0.217977 0.451366 0.731298 0.459021 0.0258223 0.530458 0.720469 0.391374 0.465692 0.850364 0 0.0237803 0.876908 0.0952228 0.60438 0.446221 0.127036 0.879464 0.816676 0.0290592 0.0688274 0.358698 0.478333 0.771672 0.538625 0.800657 0.832005 0.299635 0.915198 0.854112 0.238159 0.855517 0.59205 0.497288 0.843082 0.505581 0.667009 0.892531 0.638521 0.914309 0.20733 0.84241 0.92809 0.0942383 0.927632 0.54247 0.53046 0.0646684 0.431934 0.357136 0.0837276 0.490762 0.705834 0.55206 0.272434 0.254459 0.362718 0.114439 0.544094 0.287915 0.958551 0.772253 0.153432 0.560601 0.279541 0.986514 0.0761817 0.93655 0.889045 0.704703 0.860859 0.106375 0.557112 0.798949 0.190613 0.494745 0.351419 0.711073 0.549413 0.773353 0.078209 0.623141 0.274115 0.774043 0.185201 0.536549 0.0385014 0.537918 0.640988 0.572595 0.815833 0.609539 0.354848 0.959265 0.18014 0.624388 0.955779 
0.0155114 0.410537 0.0485813 0.496681 0.473989 0.948298 0.714789 0.961414 0.572132 0.249604 0.0184565 0.366433 0.833937 0.0237803 0 0.246321 0.570938 0.854823 0.941024 0.441797 0.951198 0.508136 0.250746 0.151811 0.0128809 0.592165 0.852884 0.552294 0.375519 0.921093 0.185435 0.639634 0.705136 0.360636 0.186183 0.733637 0.888554 0.817171 0.316233 0.714388 0.43671 0.661081 0.683653 0.606849 0.295469 0.649431 0.84317 0.856407 0.514255 0.794194 0.308204 0.475453 0.31233 0.54895 0.617264 0.315211 0.151116 0.480149 0.857505 0.516634 0.411242 0.0529399 0.166268 0.126378 0.403576 0.342451 0.850015 0.30213 0.169622 0.176248 0.0265173 0.596331 0.827329 0.70017 0.21318 0.132798 0.359601 0.0663506 0.979205 0.863856 0.850545 0.297409 0.349309 0.172875 0.836359 0.956573 0.478086 0.977475 0.446722 0.345591 0.504109 0.847964 0.388531 0.660377 0.964342 0.782106 0.0128281 0.824358 0.0942362 0.17245 
0.564954 0.155323 0.464327 0.691149 0.0353514 0.489831 0.893063 0.616744 0.758829 0.147686 0.673654 0.0437822 0.709731 0.876908 0.246321 0 0.0106057 0.110754 0.758781 0.827934 0.800923 0.961962 0.950732 0.170525 0.0383122 0.939936 0.0443809 0.878857 0.247345 0.38369 0.0617315 0.0937047 0.350263 0.529817 0.0811796 0.786985 0.865408 0.575289 0.644949 0.263939 0.245666 0.619292 0.0560452 0.248494 0.453649 0.140281 0.410944 0.454255 0.241035 0.179725 0.292189 0.0519583 0.151687 0.252921 0.212483 0.179999 0.202858 0.246864 0.068856 0.440203 0.620554 0.120587 0.523907 0.960817 0.640405 0.595087 0.757803 0.515813 0.180376 0.412752 0.769751 0.416042 0.0420437 0.815797 0.654536 0.485693 0.946078 0.0754802 0.929948 0.197113 0.245206 0.232137 0.239071 0.386892 0.475059 0.441554 0.556892 0.667916 0.678418 0.615748 0.118119 0.308972 0.726335 0.632026 0.279789 0.37674 0.237114 0.0475919 0.882553 0.40749 
0.252349 0.786365 0.0568285 0.471346 0.361969 0.0236716 0.515086 0.870211 0.685584 0.929406 0.969059 0.595419 0.209795 0.0952228 0.570938 0.0106057 0 0.450344 0.662304 0.813532 0.482388 0.488101 0.478068 0.958081 0.444179 0.543548 0.898029 0.631292 0.778753 0.140166 0.860363 0.175646 0.605225 0.311917 0.722537 0.283141 0.980335 0.348285 0.39126 0.299308 0.0846203 0.0332866 0.569097 0.45136 0.2604 0.606689 0.343913 0.65789 0.0670328 0.0162167 0.481421 0.53942 0.494317 0.949489 0.507501 0.928496 0.503037 0.41553 0.569788 0.29179 0.545697 0.44015 0.457436 0.160922 0.742067 0.189973 0.434063 0.732403 0.528258 0.815323 0.0417102 0.602878 0.83861 0.600807 0.0642386 0.10901 0.217496 0.398151 0.7569 0.274529 0.404368 0.248321 0.803949 0.888685 0.20781 0.32145 0.827181 0.700846 0.726981 0.406969 0.982636 0.282677 0.837119 0.450072 0.433599 0.589187 0.630045 0.857661 0.331589 0.168304 
0.819631 0.551558 0.62149 0.482736 0.721318 0.168056 0.848836 0.906542 0.13051 0.417619 0.07433 0.601494 0.340424 0.60438 0.854823 0.110754 0.450344 0 0.682984 0.363299 0.761182 0.531594 0.954106 0.815421 0.630604 0.181602 0.223572 0.397503 0.446131 0.61794 0.635824 0.26008 0.516625 0.833634 0.571531 0.353807 0.54448 0.308511 0.750776 0.537117 0.581188 0.597895 0.977189 0.024787 0.197081 0.617234 0.872448 0.518671 0.775538 0.565433 0.87197 0.54672 0.107027 0.836077 0.37214 0.72763 0.027679 0.585712 0.135133 0.46381 0.213652 0.760957 0.71389 0.720277 0.604591 0.295421 0.0840836 0.159071 0.593932 0.824859 0.686188 0.185121 0.432754 0.673377 0.199908 0.619835 0.300611 0.0823563 0.148506 0.0861483 0.637789 0.0304762 0.622868 0.734815 0.856553 0.985008 0.472446 0.874232 0.58072 0.597579 0.348042 0.784372 0.368536 0.0719322 0.514649 0.963127 0.357353 0.588732 0.132199 0.941286 
0.485457 0.384715 0.148649 0.770174 0.48192 0.321712 0.208024 0.432326 0.16646 0.70988 0.0585578 0.343148 0.68704 0.446221 0.941024 0.758781 0.662304 0.682984 0 0.423592 0.808386 0.136407 0.846346 0.491763 0.326315 0.476181 0.782374 0.398671 0.614687 0.858522 0.0464599 0.635163 0.49139 0.771275 0.501716 0.486398 0.253721 0.385948 0.0771178 0.8413 0.72399 0.85149 0.219836 0.785922 0.376138 0.192963 0.153275 0.954871 0.315162 0.104561 0.388463 0.133548 0.230968 0.244808 0.615311 0.547282 0.710989 0.407685 0.935953 0.335676 0.276207 0.972413 0.96084 0.757597 0.753689 0.472556 0.253995 0.0174097 0.848504 0.321113 0.84871 0.582493 0.182602 0.0785456 0.378415 0.548741 0.261509 0.52169 0.513612 0.566671 0.616251 0.892074 0.690219 0.837219 0.146882 0.31553 0.394501 0.847872 0.713215 0.340455 0.193548 0.979423 0.322868 0.164388 0.74702 0.0865565 0.626944 0.0110148 0.0939662 0.485447 
0.6197 0.58124 0.0370581 0.703681 0.517297 0.201211 0.823056 0.73323 0.364182 0.681799 0.958818 0.960082 0.649203 0.127036 0.441797 0.827934 0.813532 0.363299 0.423592 0 0.322128 0.932676 0.0779406 0.49473 0.0212213 0.446356 0.0534708 0.27273 0.958046 0.557082 0.829401 0.584297 0.459157 0.529619 0.431516 0.596039 0.83515 0.816018 0.453911 0.558365 0.166472 0.637459 0.547787 0.47934 0.791846 0.304807 0.555897 0.42879 0.305822 0.639863 0.904237 0.61795 0.582539 0.972178 0.122679 0.59376 0.428534 0.16615 0.85649 0.39658 0.713233 0.695891 0.970877 0.182389 0.23551 0.412393 0.768428 0.0806599 0.238411 0.232339 0.629025 0.394883 0.859798 0.186812 0.864223 0.661644 0.481619 0.43012 0.100434 0.777441 0.0799829 0.0146712 0.405391 0.652522 0.976849 0.51807 0.256282 0.415383 0.674221 0.122772 0.801962 0.397453 0.808663 0.782839 0.569843 0.054173 0.205232 0.348271 0.124833 0.433643 
0.127849 0.304413 0.714842 0.698844 0.330154 0.620924 0.408794 0.341972 0.768331 0.364345 0.639247 0.985494 0.49634 0.879464 0.951198 0.800923 0.482388 0.761182 0.808386 0.322128 0 0.57061 0.743858 0.818526 0.440408 0.92067 0.692749 0.112052 0.412289 0.132869 0.202486 0.199731 0.202852 0.207157 0.595121 0.845374 0.194006 0.123192 0.111656 0.599389 0.787412 0.224427 0.411351 0.194865 0.0430899 0.204191 0.754708 0.0872629 0.399423 0.112979 0.202096 0.823066 0.673589 0.935954 0.651592 0.123997 0.866623 0.354342 0.226049 0.288913 0.477211 0.418534 0.478643 0.670064 0.615691 0.0837646 0.525438 0.799697 0.196956 0.627093 0.409086 0.974368 0.84152 0.810438 0.179234 0.87461 0.0246284 0.923942 0.951873 0.414051 0.0469207 0.163969 0.247118 0.71051 0.109923 0.88871 0.824507 0.966546 0.253052 0.0605556 0.265459 0.720264 0.46909 0.734102 0.400327 0.0947813 0.807867 0.915765 0.884479 0.014823 
0.680433 0.499535 0.861169 0.60769 0.24096 0.444533 0.493624 0.989783 0.0614599 0.101859 0.660844 0.526437 0.315801 0.816676 0.508136 0.961962 0.488101 0.531594 0.136407 0.932676 0.57061 0 0.552858 0.303565 0.979191 0.404378 0.124003 0.168425 0.288988 0.138631 0.102366 0.250862 0.542682 0.139287 0.404831 0.7798 0.839797 0.504753 0.67851 0.674304 0.481299 0.921563 0.72486 0.736758 0.651826 0.20395 0.48086 0.0621534 0.288731 0.298727 0.967918 0.183209 0.30355 0.530776 0.476774 0.292741 0.925154 0.590777 0.451166 0.224143 0.719408 0.543532 0.465004 0.27209 0.672819 0.859835 0.0618905 0.522616 0.374588 0.730401 0.20692 0.845887 0.661964 0.92178 0.592645 0.32379 0.135729 0.0835055 0.375943 0.41446 0.372232 0.353861 0.58767 0.665782 0.874637 0.0744442 0.948523 0.809792 0.655221 0.409689 0.0439345 0.384629 0.943221 0.498939 0.646719 0.626041 0.368774 0.69861 0.158657 0.733362 
0.733992 0.100058 0.198423 0.575713 0.717204 0.221995 0.614925 0.0985016 0.878224 0.331831 0.0805298 0.64401 0.794006 0.0290592 0.250746 0.950732 0.478068 0.954106 0.846346 0.0779406 0.743858 0.552858 0 0.439011 0.355578 0.589249 0.110974 0.287357 0.191895 0.424764 0.413087 0.2654 0.790707 0.817547 0.627633 0.154569 0.415217 0.303415 0.0392062 0.479661 0.261938 0.838998 0.144882 0.661627 0.872932 0.519512 0.614848 0.381871 0.176231 0.250889 0.740645 0.864841 0.399547 0.484007 0.313852 0.745124 0.0832569 0.414826 0.0424816 0.265152 0.82959 0.445569 0.520552 0.630297 0.273116 0.158185 0.774866 0.678333 0.451599 0.804072 0.167994 0.703537 0.65307 0.302877 0.375164 0.536003 0.812388 0.980013 0.907874 0.978619 0.240902 0.65852 0.85346 0.630449 0.152527 0.177312 0.385573 0.225784 0.582138 0.418054 0.480936 0.421728 0.853623 0.0114875 0.0620251 0.136739 0.159672 0.826891 0.805072 0.601271 
0.467635 0.428196 0.263834 0.349609 0.928078 0.294061 0.658724 0.852627 0.525379 0.848113 0.425005 0.586991 0.913177 0.0688274 0.151811 0.170525 0.958081 0.815421 0.491763 0.49473 0.818526 0.303565 0.439011 0 0.640964 0.963066 0.314809 0.304034 0.275943 0.679973 0.830037 0.0983308 0.669986 0.747911 0.08695 0.900888 0.416431 0.93041 0.541336 0.558958 0.117721 0.916909 0.774742 0.689859 0.344963 0.265678 0.121587 0.208586 0.267165 0.173612 0.335325 0.416837 0.0105032 0.150397 0.0281084 0.641467 0.123463 0.332917 0.935501 0.389405 0.0228897 0.775538 0.477736 0.682875 0.53345 0.554686 0.593763 0.939881 0.495096 0.145099 0.508839 0.602817 0.0720078 0.293581 0.302676 0.406971 0.549258 0.414263 0.605557 0.806424 0.577875 0.930882 0.233261 0.578378 0.0912792 0.251369 0.229845 0.204742 0.574286 0.175346 0.584147 0.587176 0.940884 0.0718833 0.280051 0.484334 0.616569 0.863814 0.434215 0.121665 
0.351775 0.621103 0.553331 0.789855 0.937159 0.385461 0.165325 0.97784 0.53233 0.335082 0.874858 0.562466 0.909164 0.358698 0.0128809 0.0383122 0.444179 0.630604 0.326315 0.0212213 0.440408 0.979191 0.355578 0.640964 0 0.0189126 0.933054 0.714483 0.0809204 0.236635 0.0271592 0.477892 0.775893 0.431422 0.0934488 0.592317 0.0192969 0.0343312 0.815577 0.587675 0.11561 0.0769462 0.80752 0.310352 0.641232 0.972866 0.884499 0.238408 0.92375 0.946383 0.508459 0.418084 0.572952 0.382272 0.842299 0.684618 0.391185 0.785353 0.4091 0.462106 0.0319878 0.426259 0.929997 0.797881 0.847682 0.0334458 0.400197 0.856979 0.057777 0.225775 0.454653 0.163387 0.292721 0.272173 0.46374 0.923953 0.255039 0.358239 0.172361 0.188789 0.314622 0.67082 0.596874 0.877574 0.0630921 0.449173 0.572191 0.444277 0.244526 0.971292 0.896383 0.266514 0.407551 0.83638 0.0743949 0.265233 0.859826 0.464592 0.132211 0.907603 
0.650303 0.744569 0.650731 0.657579 0.517169 0.296658 0.177352 0.101351 0.130336 0.747726 0.386054 0.276451 0.614287 0.478333 0.592165 0.939936 0.543548 0.181602 0.476181 0.446356 0.92067 0.404378 0.589249 0.963066 0.0189126 0 0.680367 0.576865 0.0809898 0.963088 0.839038 0.534729 0.897041 0.104077 0.882968 0.0794017 0.282866 0.20759 0.740221 0.86974 0.0951638 0.793313 0.328913 0.657355 0.247591 0.563439 0.638647 0.153973 0.819953 0.0561978 0.980353 0.884348 0.31143 0.850178 0.358941 0.433642 0.767781 0.0493075 0.0205066 0.838771 0.0223953 0.849545 0.3835 0.909436 0.943621 0.276468 0.978838 0.236488 0.474058 0.729059 0.116228 0.559222 0.532373 0.435141 0.226577 0.769963 0.98858 0.855224 0.913936 0.818534 0.901422 0.904289 0.712882 0.222852 0.764468 0.0818224 0.646494 0.542249 0.12113 0.657001 0.391019 0.133525 0.516545 0.764519 0.0529614 0.470167 0.0509879 0.0417992 0.696654 0.515046 
0.719489 0.468818 0.194606 0.654687 0.220636 0.418515 0.0471419 0.64586 0.369495 0.424302 0.733437 0.0568287 0.606431 0.771672 0.852884 0.0443809 0.898029 0.223572 0.782374 0.0534708 0.692749 0.124003 0.110974 0.314809 0.933054 0.680367 0 0.760858 0.802882 0.0842684 0.303231 0.248023 0.300846 0.0831942 0.246603 0.166069 0.987131 0.0751362 0.0774909 0.90142 0.778018 0.290343 0.675888 0.84984 0.926837 0.228136 0.96097 0.593837 0.609156 0.104496 0.120383 0.383675 0.147457 0.580549 0.424663 0.179256 0.287203 0.929709 0.930115 0.100085 0.0239775 0.243346 0.338108 0.314823 0.31654 0.57471 0.470892 0.31367 0.639847 0.538383 0.22509 0.427865 0.818726 0.890978 0.287705 0.755563 0.129114 0.258676 0.359401 0.72827 0.353171 0.469783 0.121945 0.490628 0.0603323 0.536607 0.659884 0.337536 0.476317 0.599999 0.427621 0.490294 0.833345 0.755728 0.795117 0.159885 0.340439 0.276009 0.463555 0.970286 
0.0715421 0.925197 0.596157 0.545479 0.261048 0.398725 0.591852 0.433639 0.690421 0.951881 0.558713 0.521765 0.0435638 0.538625 0.552294 0.878857 0.631292 0.397503 0.398671 0.27273 0.112052 0.168425 0.287357 0.304034 0.714483 0.576865 0.760858 0 0.804393 0.678645 0.40815 0.633119 0.579623 0.685856 0.398682 0.698737 0.934531 0.748083 0.437007 0.297702 0.227866 0.548952 0.778331 0.278198 0.0955589 0.448215 0.605734 0.561875 0.0582141 0.0433546 0.0621694 0.881559 0.789083 0.847286 0.0514435 0.139522 0.133296 0.504999 0.119807 0.927688 0.193644 0.517958 0.570807 0.763267 0.213813 0.959489 0.472005 0.158344 0.717572 0.899012 0.446047 0.935438 0.457963 0.234377 0.223637 0.543522 0.672592 0.819371 0.115398 0.720806 0.852725 0.167567 0.612365 0.651808 0.0248534 0.653809 0.78133 0.148149 0.168807 0.891138 0.0858373 0.352451 0.419095 0.646644 0.125719 0.622909 0.616134 0.587724 0.771253 0.343706 
0.769095 0.901444 0.580136 0.655548 0.264228 0.511809 0.0121463 0.34363 0.716377 0.0898184 0.240472 0.272409 0.744056 0.800657 0.375519 0.247345 0.778753 0.446131 0.614687 0.958046 0.412289 0.288988 0.191895 0.275943 0.0809204 0.0809898 0.802882 0.804393 0 0.496736 0.2273 0.289144 0.944699 0.451677 0.502781 0.498221 0.13427 0.332151 0.603619 0.845076 0.194876 0.761186 0.467441 0.836685 0.776039 0.13125 0.628015 0.914188 0.290058 0.529152 0.0100256 0.632509 0.938248 0.64667 0.748228 0.571156 0.272804 0.345951 0.35241 0.60651 0.832687 0.56971 0.885654 0.787386 0.031387 0.398434 0.295607 0.155657 0.720585 0.889226 0.0107328 0.905462 0.660412 0.468174 0.752146 0.446451 0.589424 0.390161 0.370639 0.869482 0.909313 0.370665 0.511991 0.857561 0.027335 0.270219 0.438718 0.290139 0.60617 0.781127 0.886648 0.448857 0.360837 0.782302 0.246243 0.382224 0.190736 0.53185 0.52788 0.901321 
0.131322 0.119808 0.249655 0.64053 0.0966063 0.755618 0.299665 0.703817 0.724317 0.432408 0.342267 0.259866 0.153091 0.832005 0.921093 0.38369 0.140166 0.61794 0.858522 0.557082 0.132869 0.138631 0.424764 0.679973 0.236635 0.963088 0.0842684 0.678645 0.496736 0 0.431076 0.528613 0.816783 0.101487 0.986787 0.57893 0.537938 0.586212 0.959091 0.898578 0.465694 0.878404 0.279242 0.967685 0.745965 0.296577 0.247903 0.194683 0.576716 0.844073 0.96581 0.473364 0.30293 0.336647 0.265666 0.539173 0.70887 0.446402 0.0810227 0.246751 0.357724 0.502098 0.765364 0.184507 0.593586 0.762152 0.753436 0.141524 0.358363 0.722527 0.0501014 0.814057 0.610931 0.319344 0.791742 0.366896 0.605921 0.0496449 0.551579 0.192637 0.883718 0.527389 0.656002 0.196648 0.854035 0.911668 0.725821 0.572906 0.36807 0.796844 0.809657 0.715794 0.308942 0.585021 0.890301 0.892527 0.357172 0.653737 0.0440513 0.705536 
0.431748 0.936141 0.218811 0.357035 0.751332 0.862275 0.66548 0.626844 0.869365 0.672676 0.126711 0.780389 0.231467 0.299635 0.185435 0.0617315 0.860363 0.635824 0.0464599 0.829401 0.202486 0.102366 0.413087 0.830037 0.0271592 0.839038 0.303231 0.40815 0.2273 0.431076 0 0.386264 0.0841526 0.529593 0.987195 0.393496 0.331335 0.364092 0.989418 0.37098 0.90567 0.192055 0.264698 0.443059 0.838057 0.451346 0.307094 0.759725 0.187167 0.87 0.137795 0.97401 0.689657 0.843589 0.292952 0.284677 0.74389 0.19548 0.631849 0.407627 0.229531 0.347385 0.783891 0.303683 0.866978 0.781087 0.68718 0.208312 0.155178 0.686598 0.569292 0.0708485 0.868653 0.823989 0.503908 0.71671 0.285335 0.801002 0.486435 0.462502 0.681002 0.614231 0.446512 0.380658 0.46782 0.729464 0.655336 0.22171 0.914943 0.297185 0.619337 0.154474 0.63457 0.413228 0.448157 0.511548 0.204315 0.145337 0.70986 0.349493 
0.535911 0.401022 0.696269 0.918777 0.387949 0.621573 0.73088 0.500819 0.390166 0.0444865 0.585665 0.375321 0.469762 0.915198 0.639634 0.0937047 0.175646 0.26008 0.635163 0.584297 0.199731 0.250862 0.2654 0.0983308 0.477892 0.534729 0.248023 0.633119 0.289144 0.528613 0.386264 0 0.821935 0.289152 0.410341 0.700588 0.123141 0.904249 0.427298 0.398477 0.715251 0.903734 0.850978 0.406253 0.527964 0.30749 0.776911 0.985784 0.0469534 0.442247 0.217494 0.951897 0.729432 0.826831 0.116371 0.374001 0.25006 0.554528 0.875549 0.444374 0.689865 0.595409 0.783867 0.521801 0.874561 0.204208 0.232389 0.987703 0.118457 0.649687 0.396179 0.823708 0.56342 0.257157 0.239961 0.101385 0.554647 0.026872 0.0971693 0.5916 0.459119 0.304664 0.553497 0.19855 0.141495 0.659868 0.562552 0.381555 0.224396 0.448101 0.815929 0.904261 0.0535101 0.609796 0.436062 0.918071 0.804004 0.65845 0.915774 0.912462 
0.185777 0.176153 0.0164528 0.588707 0.744128 0.385212 0.811507 0.767379 0.246689 0.606747 0.311314 0.764815 0.579988 0.854112 0.705136 0.350263 0.605225 0.516625 0.49139 0.459157 0.202852 0.542682 0.790707 0.669986 0.775893 0.897041 0.300846 0.579623 0.944699 0.816783 0.0841526 0.821935 0 0.318137 0.321953 0.74617 0.871558 0.569111 0.976131 0.962942 0.133758 0.0130027 0.0701116 0.715358 0.462121 0.364775 0.278855 0.650672 0.49627 0.928723 0.223224 0.867825 0.163119 0.661324 0.693754 0.0773801 0.704835 0.31355 0.503442 0.632906 0.127555 0.171892 0.55868 0.0500164 0.480029 0.870633 0.786186 0.361587 0.449744 0.772317 0.334529 0.573501 0.77532 0.394641 0.29886 0.247441 0.749416 0.567715 0.888113 0.255686 0.506438 0.121336 0.133511 0.659557 0.772661 0.817266 0.726937 0.487496 0.140816 0.240379 0.130401 0.25837 0.402271 0.679081 0.298387 0.8723 0.559714 0.0945731 0.243887 0.0194582 
0.356673 0.732495 0.492474 0.43957 0.0698432 0.74382 0.140028 0.398963 0.579979 0.356831 0.98126 0.588808 0.0246381 0.238159 0.360636 0.529817 0.311917 0.833634 0.771275 0.529619 0.207157 0.139287 0.817547 0.747911 0.431422 0.104077 0.0831942 0.685856 0.451677 0.101487 0.529593 0.289152 0.318137 0 0.85689 0.568416 0.58296 0.64221 0.953057 0.871819 0.879651 0.712473 0.449534 0.777764 0.958159 0.945972 0.8891 0.101671 0.615528 0.671761 0.908936 0.352465 0.169257 0.0597518 0.582844 0.289658 0.308122 0.975114 0.958739 0.596509 0.857414 0.528454 0.681082 0.111301 0.537912 0.547972 0.669717 0.130872 0.200182 0.632774 0.0126909 0.089833 0.355247 0.452225 0.857597 0.323406 0.408197 0.756697 0.415077 0.0337249 0.438458 0.334013 0.37619 0.597715 0.383765 0.949034 0.877373 0.681887 0.934148 0.846113 0.288396 0.801562 0.384567 0.959478 0.902864 0.912479 0.51745 0.582581 0.0533505 0.707632 
0.683528 0.219164 0.359157 0.198139 0.937711 0.91017 0.293723 0.702946 0.889081 0.0118959 0.124309 0.917455 0.0538165 0.855517 0.186183 0.0811796 0.722537 0.571531 0.501716 0.431516 0.595121 0.404831 0.627633 0.08695 0.0934488 0.882968 0.246603 0.398682 0.502781 0.986787 0.987195 0.410341 0.321953 0.85689 0 0.225356 0.0560414 0.787465 0.570602 0.498266 0.655062 0.884008 0.896463 0.421759 0.309085 0.920188 0.850218 0.633098 0.306378 0.457933 0.0268622 0.265411 0.345306 0.698749 0.209559 0.201419 0.977145 0.0211218 0.575985 0.946623 0.913986 0.498464 0.474073 0.506567 0.541814 0.191705 0.721923 0.587856 0.96917 0.302525 0.0961221 0.634232 0.196533 0.982585 0.0659913 0.495618 0.912773 0.906209 0.138716 0.22915 0.374142 0.155578 0.484562 0.709448 0.844327 0.684121 0.900866 0.831472 0.695243 0.486852 0.788095 0.619228 0.975316 0.272167 0.135795 0.52713 0.453872 0.847718 0.124986 0.433042 
0.514323 0.719632 0.291568 0.61183 0.294218 0.101519 0.694185 0.140268 0.305574 0.204007 0.675064 0.708387 0.176986 0.59205 0.733637 0.786985 0.283141 0.353807 0.486398 0.596039 0.845374 0.7798 0.154569 0.900888 0.592317 0.0794017 0.166069 0.698737 0.498221 0.57893 0.393496 0.700588 0.74617 0.568416 0.225356 0 0.160243 0.211108 0.0772742 0.346776 0.203693 0.133265 0.832395 0.126465 0.0494743 0.961111 0.345616 0.413616 0.126689 0.820177 0.133064 0.961017 0.514298 0.0439301 0.802489 0.219541 0.520782 0.600583 0.828769 0.506097 0.862751 0.954565 0.0432275 0.326623 0.812283 0.158213 0.749665 0.962526 0.359321 0.816939 0.319302 0.553014 0.940205 0.161697 0.66948 0.979679 0.132807 0.0250953 0.403295 0.249497 0.835273 0.526359 0.220513 0.359571 0.560289 0.0330021 0.569112 0.0910703 0.623585 0.407881 0.587168 0.496336 0.372446 0.620395 0.812959 0.194729 0.768609 0.572624 0.167255 0.13793 
0.820337 0.577474 0.225046 0.0593767 0.80422 0.754632 0.74013 0.434181 0.515209 0.574327 0.779107 0.522688 0.193466 0.497288 0.888554 0.865408 0.980335 0.54448 0.253721 0.83515 0.194006 0.839797 0.415217 0.416431 0.0192969 0.282866 0.987131 0.934531 0.13427 0.537938 0.331335 0.123141 0.871558 0.58296 0.0560414 0.160243 0 0.399563 0.476556 0.680944 0.349768 0.628253 0.360424 0.339447 0.75106 0.375519 0.732741 0.010557 0.220791 0.2691 0.22107 0.570362 0.819389 0.244072 0.149474 0.900459 0.857658 0.547356 0.497627 0.363994 0.909802 0.128022 0.186953 0.114531 0.88663 0.749577 0.271785 0.03456 0.15914 0.738342 0.705504 0.498908 0.376595 0.0759275 0.828355 0.137655 0.441446 0.571096 0.138212 0.652238 0.830196 0.349282 0.2326 0.659585 0.583355 0.372074 0.570044 0.451013 0.90943 0.0776702 0.805007 0.829232 0.195692 0.98196 0.933763 0.0923221 0.741537 0.215548 0.116882 0.890677 
0.804989 0.101182 0.720873 0.101018 0.721271 0.462905 0.133581 0.700139 0.38339 0.871127 0.183236 0.240123 0.841539 0.843082 0.817171 0.575289 0.348285 0.308511 0.385948 0.816018 0.123192 0.504753 0.303415 0.93041 0.0343312 0.20759 0.0751362 0.748083 0.332151 0.586212 0.364092 0.904249 0.569111 0.64221 0.787465 0.211108 0.399563 0 0.94389 0.812386 0.399585 0.330485 0.878314 0.23794 0.458139 0.32976 0.799036 0.586351 0.971998 0.639232 0.925634 0.214598 0.308817 0.518988 0.576673 0.86886 0.960001 0.496103 0.93653 0.775007 0.335335 0.142222 0.766967 0.279098 0.224544 0.518504 0.484646 0.331427 0.419181 0.438536 0.153813 0.808766 0.75902 0.0421265 0.056706 0.22716 0.361887 0.845742 0.803511 0.343884 0.494974 0.739145 0.548482 0.79379 0.268133 0.135155 0.672651 0.238134 0.621258 0.619181 0.0231413 0.946592 0.751403 0.780108 0.23569 0.965948 0.308612 0.710336 0.307374 0.717793 
0.0885606 0.350026 0.122613 0.637639 0.0753058 0.281787 0.219488 0.906066 0.345154 0.499763 0.455414 0.0818416 0.678901 0.505581 0.316233 0.644949 0.39126 0.750776 0.0771178 0.453911 0.111656 0.67851 0.0392062 0.541336 0.815577 0.740221 0.0774909 0.437007 0.603619 0.959091 0.989418 0.427298 0.976131 0.953057 0.570602 0.0772742 0.476556 0.94389 0 0.158872 0.451187 0.53656 0.907892 0.483314 0.583266 0.145052 0.8352 0.439007 0.938563 0.189085 0.923981 0.687708 0.727567 0.727772 0.945841 0.852722 0.410422 0.193975 0.48398 0.0396033 0.207116 0.440572 0.781007 0.977225 0.666263 0.756955 0.295837 0.386599 0.0743291 0.0236306 0.53547 0.515516 0.55019 0.453363 0.98883 0.143456 0.588414 0.834031 0.572463 0.536977 0.0331156 0.506444 0.234685 0.750683 0.244216 0.190526 0.613405 0.644638 0.374501 0.107385 0.674242 0.571618 0.537958 0.465248 0.558842 0.21422 0.232203 0.84468 0.590819 0.296532 
0.985862 0.806567 0.256293 0.777759 0.387251 0.887944 0.403729 0.941986 0.385196 0.850371 0.694259 0.696339 0.336759 0.667009 0.714388 0.263939 0.299308 0.537117 0.8413 0.558365 0.599389 0.674304 0.479661 0.558958 0.587675 0.86974 0.90142 0.297702 0.845076 0.898578 0.37098 0.398477 0.962942 0.871819 0.498266 0.346776 0.680944 0.812386 0.158872 0 0.85831 0.136289 0.802048 0.4185 0.579652 0.800879 0.551956 0.178066 0.644909 0.134419 0.705044 0.668025 0.630864 0.929729 0.428708 0.86508 0.130256 0.0521135 0.519718 0.494757 0.149499 0.20396 0.0763748 0.677457 0.659208 0.625217 0.881677 0.881411 0.479897 0.482496 0.187943 0.348207 0.608786 0.979991 0.756707 0.198438 0.79087 0.318663 0.366504 0.44578 0.443083 0.0815481 0.123805 0.0839465 0.0212774 0.542513 0.939026 0.141533 0.584626 0.468744 0.62629 0.724125 0.662704 0.692665 0.411582 0.331911 0.327882 0.303259 0.223322 0.797779 
0.0917762 0.777898 0.637383 0.358428 0.983232 0.50288 0.743333 0.88613 0.749161 0.0555711 0.34677 0.968391 0.800386 0.892531 0.43671 0.245666 0.0846203 0.581188 0.72399 0.166472 0.787412 0.481299 0.261938 0.117721 0.11561 0.0951638 0.778018 0.227866 0.194876 0.465694 0.90567 0.715251 0.133758 0.879651 0.655062 0.203693 0.349768 0.399585 0.451187 0.85831 0 0.775755 0.401265 0.155986 0.394541 0.391256 0.902693 0.582979 0.192126 0.231357 0.939483 0.627906 0.66444 0.0310313 0.74171 0.738386 0.0423087 0.294223 0.687412 0.173842 0.868849 0.166156 0.790132 0.602975 0.81886 0.492797 0.0245564 0.160771 0.810679 0.317815 0.374094 0.618458 0.103571 0.765359 0.764444 0.488112 0.166615 0.677138 0.0810909 0.348741 0.898495 0.0305741 0.966647 0.572934 0.0516054 0.718357 0.32132 0.0839141 0.0225806 0.0187324 0.247756 0.88143 0.174889 0.0478879 0.494405 0.983749 0.530685 0.508961 0.15452 0.351364 
0.273216 0.182073 0.917739 0.38279 0.253102 0.315724 0.673138 0.858105 0.317415 0.849168 0.51349 0.634285 0.82412 0.638521 0.661081 0.619292 0.0332866 0.597895 0.85149 0.637459 0.224427 0.921563 0.838998 0.916909 0.0769462 0.793313 0.290343 0.548952 0.761186 0.878404 0.192055 0.903734 0.0130027 0.712473 0.884008 0.133265 0.628253 0.330485 0.53656 0.136289 0.775755 0 0.816777 0.518613 0.959823 0.910347 0.293972 0.734267 0.408459 0.450587 0.421405 0.47955 0.789328 0.329899 0.500124 0.765975 0.892833 0.54173 0.494332 0.224154 0.615644 0.506913 0.232886 0.8534 0.398343 0.397775 0.891288 0.882748 0.391523 0.431973 0.401709 0.536043 0.773337 0.228485 0.0646562 0.743159 0.148833 0.348628 0.487426 0.547292 0.789215 0.898831 0.0368424 0.588543 0.23873 0.526967 0.364517 0.141564 0.0786968 0.84885 0.355717 0.684341 0.365763 0.578603 0.547741 0.754106 0.966378 0.449029 0.646853 0.367901 
0.735311 0.0376135 0.591304 0.274603 0.379705 0.668633 0.769457 0.625516 0.0860688 0.58016 0.236479 0.302995 0.967204 0.914309 0.683653 0.0560452 0.569097 0.977189 0.219836 0.547787 0.411351 0.72486 0.144882 0.774742 0.80752 0.328913 0.675888 0.778331 0.467441 0.279242 0.264698 0.850978 0.0701116 0.449534 0.896463 0.832395 0.360424 0.878314 0.907892 0.802048 0.401265 0.816777 0 0.871001 0.0585618 0.893944 0.654338 0.277047 0.9486 0.407498 0.41588 0.307228 0.884924 0.953172 0.106443 0.793755 0.980014 0.684985 0.0424853 0.516981 0.0595029 0.174049 0.585678 0.898353 0.519766 0.280019 0.274115 0.108369 0.817759 0.0382207 0.0847469 0.276788 0.675074 0.442648 0.157789 0.723636 0.346591 0.802127 0.0106827 0.305191 0.219625 0.416562 0.602419 0.114549 0.379734 0.698862 0.898304 0.369748 0.393847 0.93079 0.87673 0.44335 0.114839 0.472408 0.351703 0.624605 0.742426 0.615818 0.722974 0.570186 
0.569783 0.849767 0.721015 0.175712 0.514879 0.734564 0.887543 0.0603739 0.874496 0.264388 0.475285 0.607671 0.160479 0.20733 0.606849 0.248494 0.45136 0.024787 0.785922 0.47934 0.194865 0.736758 0.661627 0.689859 0.310352 0.657355 0.84984 0.278198 0.836685 0.967685 0.443059 0.406253 0.715358 0.777764 0.421759 0.126465 0.339447 0.23794 0.483314 0.4185 0.155986 0.518613 0.871001 0 0.644039 0.797721 0.836974 0.329113 0.250369 0.984763 0.0627484 0.58696 0.79689 0.063431 0.882151 0.0265156 0.469993 0.49457 0.131065 0.839728 0.203432 0.039369 0.219476 0.58728 0.960159 0.106206 0.0406299 0.0849971 0.568613 0.382333 0.699602 0.32104 0.988151 0.432576 0.881225 0.64219 0.240297 0.728199 0.961303 0.480665 0.722962 0.0340512 0.0776252 0.529853 0.0874822 0.949776 0.546368 0.547476 0.454347 0.667433 0.397203 0.647779 0.696802 0.606679 0.245058 0.666961 0.702885 0.275688 0.741958 0.281498 
