100
0 0.228636 0.892459 0.755497 0.0981077 0.62992 0.374787 0.549057 0.885424 0.267343 0.285328 0.793249 0.348123 0.540762 0.010285 0.207434 0.709791 0.110813 0.315202 0.126977 0.0487559 0.605281 0.660276 0.0103962 0.299378 0.235598 0.458229 0.17267 0.955325 0.0776387 0.37628 0.920784 0.296275 0.27874 0.686281 0.384383 0.898659 0.0710683 0.92344 0.794083 0.328412 0.218768 0.597333 0.666535 0.74953 0.597618 0.863968 0.469321 0.698431 0.189171 0.586297 0.737186 0.784452 0.256574 0.737583 0.0938295 0.482171 0.205812 0.256499 0.447496 0.273451 0.62278 0.378281 0.559726 0.891519 0.0745616 0.934109 0.800178 0.13563 0.867548 0.604262 0.454042 0.0963163 0.211594 0.130577 0.835846 0.799212 0.984545 0.315167 0.507642 0.183715 0.891465 0.254829 0.958167 0.158038 0.982411 0.0619966 0.630209 0.198223 0.308496 0.0877056 0.461674 0.921276 0.455986 0.0313999 0.822795 0.520548 0.955509 0.632973 0.646178 
0.228636 0 0.833057 0.247235 0.110219 0.919373 0.448829 0.230796 0.76522 0.258041 0.225341 0.0903868 0.755683 0.399056 0.971851 0.0205115 0.367223 0.13989 0.0129228 0.41922 0.760099 0.201146 0.717716 0.837805 0.65282 0.648992 0.303791 0.67422 0.481787 0.814338 0.639729 0.12476 0.470516 0.482786 0.361995 0.570735 0.412159 0.800824 0.791531 0.187378 0.0688651 0.0268718 0.267765 0.814548 0.415928 0.249617 0.82506 0.773151 0.379506 0.827982 0.202371 0.149605 0.0391285 0.910087 0.97741 0.681949 0.569079 0.2912 0.366169 0.0608652 0.115539 0.0158972 0.175625 0.576055 0.488683 0.527621 0.15679 0.890842 0.338445 0.938322 0.08822 0.39731 0.955193 0.345985 0.221858 0.381121 0.585602 0.0569175 0.164272 0.955108 0.8749 0.356643 0.114713 0.904028 0.27673 0.102123 0.595977 0.835808 0.383323 0.952146 0.886674 0.488862 0.958043 0.0722991 0.0749172 0.456725 0.58992 0.221708 0.357567 0.918365 
0.892459 0.833057 0 0.170029 0.435787 0.325675 0.135222 0.771772 0.537533 0.506344 0.367374 0.58445 0.660616 0.332482 0.46935 0.027259 0.437195 0.383379 0.293989 0.529318 0.969355 0.139797 0.902641 0.931501 0.036471 0.401503 0.899544 0.0987701 0.466421 0.366269 0.67869 0.678128 0.713836 0.607055 0.838157 0.159623 0.922729 0.96338 0.921395 0.470262 0.479723 0.298769 0.0647124 0.150339 0.621252 0.524063 0.167598 0.0684467 0.897441 0.451587 0.587765 0.876797 0.581384 0.500406 0.818298 0.607855 0.891909 0.727841 0.696626 0.36833 0.10411 0.385315 0.0564578 0.807947 0.98237 0.884615 0.95757 0.915099 0.857995 0.888965 0.395362 0.347718 0.197734 0.450074 0.488057 0.808986 0.964137 0.645656 0.867433 0.871578 0.107243 0.465197 0.758374 0.678627 0.955603 0.586672 0.296483 0.857512 0.324513 0.983108 0.235842 0.418623 0.378424 0.2823 0.23657 0.370794 0.176915 0.204139 0.295893 0.0449097 
0.755497 0.247235 0.170029 0 0.103104 0.681255 0.382628 0.290839 0.141329 0.860685 0.109825 0.115465 0.516341 0.967257 0.977043 0.613584 0.442455 0.745417 0.302211 0.408058 0.342089 0.588693 0.27557 0.656602 0.581802 0.501412 0.0852249 0.950225 0.773712 0.311795 0.331019 0.940627 0.505934 0.616912 0.975537 0.599038 0.308167 0.368164 0.879877 0.439496 0.23885 0.979702 0.544961 0.745191 0.956959 0.532004 0.368774 0.409414 0.287421 0.660985 0.807472 0.619509 0.259679 0.0930417 0.286111 0.83148 0.584454 0.361336 0.791705 0.368166 0.66313 0.132725 0.318792 0.179064 0.739637 0.304329 0.768103 0.0578039 0.662493 0.65798 0.4873 0.891343 0.647682 0.0422603 0.646534 0.614641 0.564264 0.0253084 0.0340547 0.841684 0.676294 0.831526 0.471194 0.925972 0.914568 0.747304 0.767452 0.509022 0.11864 0.569158 0.867187 0.77177 0.691882 0.19598 0.940835 0.441519 0.490309 0.718938 0.489323 0.162802 
0.0981077 0.110219 0.435787 0.103104 0 0.386918 0.966622 0.0641456 0.0445993 0.0188827 0.70068 0.64924 0.573147 0.715988 0.673295 0.424831 0.402281 0.514821 0.886025 0.338254 0.439389 0.643329 0.115706 0.938411 0.751969 0.674863 0.815599 0.53374 0.376746 0.0215784 0.484575 0.808265 0.501887 0.213512 0.307587 0.65469 0.59043 0.28421 0.708835 0.625029 0.293093 0.419515 0.284269 0.856239 0.145503 0.947564 0.29107 0.537784 0.472386 0.187095 0.866038 0.901775 0.820424 0.971744 0.850186 0.582393 0.656607 0.675784 0.126133 0.0433526 0.687363 0.600707 0.841617 0.19925 0.80422 0.159205 0.84394 0.404649 0.433415 0.562775 0.0396783 0.716507 0.97229 0.313948 0.582746 0.127793 0.271512 0.863816 0.655577 0.733897 0.060911 0.531615 0.645672 0.871335 0.513358 0.505858 0.463728 0.179965 0.191643 0.579861 0.213318 0.869006 0.190568 0.0649348 0.0782558 0.984788 0.21414 0.912196 0.399437 0.637554 
0.62992 0.919373 0.325675 0.681255 0.386918 0 0.484971 0.429115 0.364061 0.46726 0.733063 0.936807 0.585053 0.0145749 0.810624 0.25063 0.738472 0.861535 0.772244 0.394145 0.742869 0.295602 0.890003 0.216598 0.465567 0.0916455 0.786458 0.668885 0.950651 0.967027 0.72382 0.0389068 0.961814 0.927959 0.941102 0.371251 0.575514 0.436073 0.790367 0.929575 0.893334 0.53343 0.876382 0.488387 0.538005 0.697005 0.729016 0.286477 0.56854 0.511261 0.670622 0.32141 0.796863 0.570624 0.528007 0.27243 0.65227 0.324465 0.931315 0.612921 0.301492 0.665135 0.641828 0.273306 0.603095 0.59293 0.634558 0.188608 0.0390032 0.434924 0.128183 0.922337 0.958354 0.0145648 0.420723 0.506359 0.70157 0.159739 0.782836 0.28011 0.661 0.463457 0.59152 0.467863 0.0440819 0.129527 0.730293 0.686352 0.443992 0.671609 0.309273 0.735484 0.346744 0.941101 0.0187907 0.939839 0.544031 0.643348 0.138447 0.573034 
0.374787 0.448829 0.135222 0.382628 0.966622 0.484971 0 0.0882729 0.25663 0.505371 0.056627 0.261195 0.916094 0.552986 0.952765 0.0858334 0.345821 0.242876 0.736833 0.799279 0.824395 0.214696 0.833361 0.943922 0.93499 0.529713 0.397914 0.616598 0.828985 0.143399 0.953342 0.780086 0.152189 0.903181 0.334117 0.785538 0.0516284 0.897151 0.863811 0.298258 0.412521 0.910438 0.549453 0.338615 0.473423 0.512219 0.414449 0.809245 0.745094 0.161282 0.618524 0.57949 0.365978 0.461884 0.533412 0.310968 0.981597 0.921326 0.917566 0.820582 0.074725 0.880909 0.610668 0.216914 0.79409 0.934785 0.0124523 0.835718 0.841936 0.866263 0.143977 0.264457 0.786701 0.68343 0.593072 0.270124 0.205649 0.0175208 0.0893692 0.940743 0.168803 0.697893 0.530233 0.524781 0.169777 0.0736445 0.825749 0.161374 0.984971 0.753316 0.971957 0.0696956 0.644224 0.592625 0.27661 0.448315 0.53741 0.279062 0.294033 0.389346 
0.549057 0.230796 0.771772 0.290839 0.0641456 0.429115 0.0882729 0 0.155325 0.42801 0.643803 0.932026 0.12144 0.246875 0.21215 0.317089 0.254396 0.29152 0.267833 0.413199 0.979412 0.788065 0.92798 0.15919 0.85171 0.763729 0.310564 0.84668 0.527045 0.292521 0.906376 0.181269 0.875146 0.192986 0.619584 0.422556 0.462048 0.903617 0.801902 0.607374 0.341627 0.455705 0.5494 0.453067 0.69258 0.75155 0.760157 0.936976 0.0530698 0.0379896 0.360175 0.0424823 0.816055 0.298155 0.191672 0.677765 0.0718841 0.492236 0.534445 0.588929 0.774757 0.450821 0.760198 0.659904 0.633808 0.389782 0.0924599 0.105856 0.303399 0.884362 0.70323 0.635026 0.350067 0.26263 0.0980932 0.0526475 0.0241801 0.84825 0.979624 0.0672499 0.87624 0.349799 0.0997321 0.702295 0.637954 0.281404 0.390059 0.699838 0.763641 0.914505 0.298767 0.548398 0.375326 0.0689647 0.218301 0.0191337 0.448747 0.300761 0.11499 0.742146 
0.885424 0.76522 0.537533 0.141329 0.0445993 0.364061 0.25663 0.155325 0 0.195123 0.80822 0.387171 0.535191 0.0808493 0.475265 0.577838 0.0950294 0.333515 0.567462 0.152279 0.219754 0.907261 0.242011 0.912049 0.555214 0.513416 0.312108 0.265052 0.287056 0.236613 0.553819 0.825454 0.601939 0.612783 0.0537556 0.611073 0.0715301 0.344517 0.716063 0.803676 0.52964 0.534282 0.200847 0.0748309 0.605132 0.666112 0.642669 0.690161 0.989626 0.220131 0.83244 0.219381 0.137392 0.0844518 0.14143 0.682606 0.587867 0.443538 0.937658 0.864924 0.670151 0.501477 0.700378 0.282091 0.124261 0.744133 0.883164 0.185791 0.0986502 0.609227 0.979466 0.61829 0.153509 0.190313 0.683121 0.748641 0.846425 0.335791 0.448802 0.846051 0.545922 0.291243 0.0754319 0.673313 0.365695 0.206862 0.36592 0.943562 0.6404 0.313578 0.818486 0.320551 0.805055 0.528863 0.592642 0.919316 0.282997 0.485806 0.115106 0.371647 
0.267343 0.258041 0.506344 0.860685 0.0188827 0.46726 0.505371 0.42801 0.195123 0 0.105033 0.104573 0.979937 0.248542 0.284886 0.673059 0.987184 0.141311 0.0188493 0.445986 0.977362 0.554771 0.727229 0.0627941 0.238084 0.102924 0.259656 0.594004 0.0564856 0.890055 0.897582 0.864971 0.220606 0.712637 0.403835 0.803248 0.641953 0.676831 0.299054 0.74706 0.0584781 0.394088 0.841633 0.0484154 0.63263 0.136519 0.711474 0.629814 0.26783 0.720323 0.0857999 0.255192 0.285094 0.803029 0.307986 0.513179 0.895952 0.557642 0.117183 0.942438 0.457697 0.0247651 0.817409 0.668304 0.727403 0.231244 0.481552 0.379356 0.898075 0.770606 0.136415 0.946553 0.174694 0.968048 0.984969 0.797324 0.114567 0.706443 0.437138 0.372396 0.436766 0.512938 0.617588 0.711861 0.325966 0.915574 0.235039 0.231919 0.483216 0.342222 0.184357 0.930913 0.356987 0.0117659 0.609217 0.0943899 0.23301 0.100769 0.463746 0.141085 
0.285328 0.225341 0.367374 0.109825 0.70068 0.733063 0.056627 0.643803 0.80822 0.105033 0 0.861375 0.590161 0.0976381 0.0460691 0.568209 0.0926067 0.833393 0.672776 0.789049 0.280531 0.0551724 0.235816 0.783468 0.662761 0.937676 0.119435 0.588335 0.182715 0.341353 0.0815514 0.514938 0.51571 0.0224647 0.861925 0.517476 0.621681 0.946315 0.740486 0.71245 0.420061 0.871571 0.583825 0.020222 0.959209 0.619894 0.578431 0.0618153 0.463287 0.261207 0.840865 0.733818 0.306379 0.0866803 0.527286 0.95914 0.0343564 0.636721 0.557475 0.207072 0.968074 0.629027 0.71201 0.493784 0.641492 0.583935 0.0212604 0.273173 0.54025 0.751746 0.975623 0.950311 0.633317 0.569448 0.960533 0.602525 0.199343 0.548964 0.654341 0.65263 0.800171 0.505205 0.396449 0.11655 0.581886 0.913735 0.0856905 0.606242 0.560456 0.633166 0.803314 0.53853 0.272193 0.525324 0.0423149 0.903684 0.119258 0.0535753 0.186857 0.649508 
0.793249 0.0903868 0.58445 0.115465 0.64924 0.936807 0.261195 0.932026 0.387171 0.104573 0.861375 0 0.795321 0.17248 0.609819 0.438638 0.731929 0.580352 0.0511635 0.921272 0.139316 0.695504 0.583902 0.929486 0.21071 0.97035 0.0560368 0.782595 0.894085 0.131727 0.398837 0.464542 0.754893 0.212151 0.013072 0.037086 0.727475 0.0453869 0.93077 0.836733 0.0889622 0.127628 0.496241 0.874284 0.290108 0.11606 0.322922 0.0320368 0.686412 0.364085 0.943308 0.815728 0.0695893 0.53721 0.755214 0.270299 0.517561 0.801251 0.062894 0.421646 0.922978 0.451731 0.876188 0.687871 0.653882 0.87926 0.714957 0.391357 0.914647 0.655728 0.23809 0.0136091 0.773355 0.724331 0.877893 0.0734632 0.830392 0.210814 0.0955 0.526804 0.5649 0.0488084 0.352532 0.624489 0.576019 0.117746 0.884788 0.10358 0.908997 0.937682 0.515226 0.841975 0.399413 0.401414 0.539846 0.0632955 0.290674 0.264804 0.444652 0.215321 
0.348123 0.755683 0.660616 0.516341 0.573147 0.585053 0.916094 0.12144 0.535191 0.979937 0.590161 0.795321 0 0.910532 0.672742 0.21893 0.693887 0.407074 0.106823 0.75735 0.247466 0.307637 0.84285 0.76427 0.862537 0.881658 0.126801 0.497026 0.467677 0.234547 0.391814 0.561257 0.153544 0.339496 0.086483 0.985519 0.728909 0.477897 0.535366 0.782204 0.758571 0.79017 0.236857 0.963892 0.710701 0.899599 0.192822 0.414588 0.316673 0.289645 0.181938 0.554139 0.587282 0.0347877 0.328408 0.459819 0.906446 0.44521 0.946845 0.384123 0.669757 0.348659 0.93538 0.813301 0.678154 0.0318631 0.80882 0.417063 0.49976 0.354186 0.209267 0.268331 0.154355 0.436124 0.242223 0.855057 0.345723 0.425046 0.279644 0.652396 0.70469 0.451582 0.216535 0.301973 0.47637 0.534943 0.751792 0.392816 0.970153 0.708637 0.766939 0.64991 0.0672951 0.712319 0.473211 0.735449 0.734182 0.292031 0.162512 0.243942 
0.540762 0.399056 0.332482 0.967257 0.715988 0.0145749 0.552986 0.246875 0.0808493 0.248542 0.0976381 0.17248 0.910532 0 0.636217 0.36178 0.502274 0.780572 0.787903 0.734497 0.645629 0.143627 0.169543 0.915273 0.786023 0.864233 0.376855 0.0125573 0.176206 0.843225 0.5375 0.917997 0.246041 0.517653 0.636634 0.0229796 0.177562 0.693929 0.725299 0.640773 0.439378 0.469481 0.922804 0.591891 0.703423 0.56902 0.94367 0.215697 0.359593 0.741574 0.940194 0.0152212 0.8752 0.119737 0.920494 0.671223 0.97397 0.307349 0.67378 0.160176 0.160574 0.221281 0.0881733 0.396615 0.728934 0.714807 0.409594 0.896496 0.418736 0.144893 0.547269 0.848115 0.604374 0.480073 0.450006 0.317797 0.0590932 0.403676 0.523494 0.408686 0.15525 0.473688 0.413907 0.0404499 0.583425 0.344401 0.701673 0.567395 0.64175 0.385453 0.717571 0.792325 0.596734 0.795744 0.198939 0.335667 0.520551 0.598534 0.242163 0.929288 
0.010285 0.971851 0.46935 0.977043 0.673295 0.810624 0.952765 0.21215 0.475265 0.284886 0.0460691 0.609819 0.672742 0.636217 0 0.733427 0.779432 0.787403 0.347801 0.269505 0.247408 0.655598 0.318598 0.641084 0.189092 0.717284 0.786334 0.652781 0.141191 0.816784 0.246206 0.475592 0.528457 0.803601 0.127343 0.90391 0.531172 0.909667 0.510643 0.336916 0.118607 0.83631 0.847468 0.70714 0.0884734 0.786756 0.450567 0.857906 0.584158 0.788368 0.137411 0.821566 0.453966 0.446009 0.472651 0.633058 0.173293 0.268984 0.295839 0.304484 0.0957682 0.532045 0.770076 0.614225 0.345646 0.887419 0.528134 0.866818 0.807086 0.0487774 0.213734 0.915693 0.875088 0.0712017 0.632833 0.953561 0.847957 0.0934004 0.821467 0.442116 0.871768 0.948877 0.273682 0.335734 0.404886 0.736333 0.958793 0.568179 0.0153171 0.264631 0.862663 0.101085 0.786676 0.642739 0.70531 0.142322 0.540158 0.243444 0.0191399 0.357244 
0.207434 0.0205115 0.027259 0.613584 0.424831 0.25063 0.0858334 0.317089 0.577838 0.673059 0.568209 0.438638 0.21893 0.36178 0.733427 0 0.282222 0.222874 0.282937 0.167309 0.284076 0.905771 0.13087 0.142033 0.989171 0.942337 0.574148 0.870939 0.901214 0.837831 0.216674 0.3161 0.584163 0.185466 0.874279 0.58948 0.440098 0.746942 0.680566 0.236774 0.399681 0.395876 0.369096 0.929839 0.62932 0.378236 0.297084 0.901541 0.59111 0.570021 0.0788505 0.865186 0.485792 0.199721 0.0172185 0.484963 0.152057 0.581367 0.365903 0.0632713 0.429198 0.572576 0.369371 0.0233608 0.748043 0.25365 0.602841 0.198141 0.0105921 0.293407 0.424915 0.400273 0.679282 0.784011 0.340113 0.318602 0.172247 0.627196 0.230143 0.753357 0.207218 0.298994 0.628542 0.68301 0.488715 0.635761 0.177973 0.630772 0.227128 0.533875 0.684043 0.646325 0.116451 0.0634147 0.659686 0.854494 0.307065 0.272527 0.0626347 0.307657 
0.709791 0.367223 0.437195 0.442455 0.402281 0.738472 0.345821 0.254396 0.0950294 0.987184 0.0926067 0.731929 0.693887 0.502274 0.779432 0.282222 0 0.555934 0.477549 0.69793 0.245216 0.27156 0.0480427 0.553818 0.433807 0.665239 0.773962 0.197163 0.862457 0.0829556 0.815705 0.555466 0.56167 0.461466 0.723439 0.202442 0.678594 0.267314 0.876486 0.334919 0.373765 0.9299 0.984605 0.23826 0.246965 0.267132 0.290894 0.544622 0.813066 0.758444 0.252552 0.068282 0.0400036 0.290595 0.6121 0.46381 0.945834 0.396062 0.650974 0.818291 0.469017 0.476679 0.383757 0.0406875 0.928145 0.117196 0.23313 0.616739 0.37451 0.119616 0.941658 0.738276 0.0595161 0.936263 0.966535 0.296481 0.213395 0.267429 0.831104 0.0364609 0.0358731 0.093656 0.0947429 0.0658767 0.374251 0.696843 0.519687 0.330085 0.102905 0.180661 0.158376 0.561922 0.64734 0.532134 0.59261 0.585485 0.63933 0.81574 0.212223 0.02384 
0.110813 0.13989 0.383379 0.745417 0.514821 0.861535 0.242876 0.29152 0.333515 0.141311 0.833393 0.580352 0.407074 0.780572 0.787403 0.222874 0.555934 0 0.925355 0.163881 0.752116 0.974871 0.110144 0.728651 0.281353 0.313539 0.98608 0.122456 0.34 0.0319532 0.206112 0.424743 0.0878299 0.570364 0.131586 0.597517 0.890449 0.224491 0.768178 0.0588254 0.776413 0.425517 0.580959 0.379022 0.0210018 0.230289 0.204762 0.223225 0.244129 0.140117 0.377106 0.986245 0.124989 0.47725 0.724895 0.396341 0.780789 0.720975 0.508798 0.130789 0.742929 0.70491 0.545532 0.820758 0.285274 0.667118 0.428275 0.185723 0.881609 0.206453 0.234549 0.668022 0.62197 0.805508 0.0570441 0.632972 0.0457967 0.251806 0.846197 0.279926 0.381923 0.233304 0.27617 0.496912 0.700554 0.0110654 0.883253 0.491343 0.722041 0.402051 0.612133 0.474969 0.116962 0.167665 0.305728 0.392236 0.824783 0.724003 0.567959 0.716392 
0.315202 0.0129228 0.293989 0.302211 0.886025 0.772244 0.736833 0.267833 0.567462 0.0188493 0.672776 0.0511635 0.106823 0.787903 0.347801 0.282937 0.477549 0.925355 0 0.920456 0.792507 0.394413 0.552426 0.608015 0.441457 0.195398 0.643812 0.683264 0.0515957 0.913737 0.0751868 0.274899 0.199908 0.562099 0.965453 0.200973 0.455352 0.466797 0.913014 0.847403 0.0889291 0.397983 0.954365 0.246594 0.693711 0.356601 0.0813766 0.427714 0.914559 0.787768 0.35817 0.717067 0.192181 0.900596 0.335082 0.623639 0.105995 0.968893 0.316902 0.147591 0.89263 0.382089 0.41249 0.102538 0.934188 0.387943 0.293511 0.39954 0.84474 0.216525 0.256943 0.923669 0.604508 0.221308 0.180263 0.308218 0.567909 0.251639 0.725932 0.492468 0.0494074 0.0941023 0.219535 0.231589 0.984699 0.544616 0.845228 0.100694 0.523509 0.17213 0.238284 0.42614 0.544219 0.640774 0.518678 0.488407 0.0387174 0.802189 0.877947 0.873457 
0.126977 0.41922 0.529318 0.408058 0.338254 0.394145 0.799279 0.413199 0.152279 0.445986 0.789049 0.921272 0.75735 0.734497 0.269505 0.167309 0.69793 0.163881 0.920456 0 0.0287133 0.14489 0.807126 0.623221 0.356199 0.977389 0.921439 0.914108 0.239028 0.657372 0.416576 0.278435 0.741474 0.626111 0.500024 0.736173 0.180727 0.355252 0.826866 0.694236 0.517382 0.0751505 0.130376 0.0716007 0.705925 0.639054 0.550008 0.734642 0.451243 0.437955 0.618099 0.469956 0.572845 0.435225 0.103177 0.919044 0.422614 0.0346162 0.843151 0.651642 0.681988 0.269727 0.920077 0.433462 0.885838 0.430101 0.179634 0.0765647 0.775353 0.0165005 0.760801 0.302734 0.0816511 0.881177 0.364335 0.777576 0.530231 0.904343 0.522218 0.971474 0.352298 0.150317 0.45143 0.915143 0.575543 0.544607 0.844187 0.988157 0.569223 0.697338 0.649799 0.261211 0.957065 0.579876 0.684673 0.852903 0.0199766 0.854307 0.919468 0.785329 
0.0487559 0.760099 0.969355 0.342089 0.439389 0.742869 0.824395 0.979412 0.219754 0.977362 0.280531 0.139316 0.247466 0.645629 0.247408 0.284076 0.245216 0.752116 0.792507 0.0287133 0 0.860807 0.690269 0.0980636 0.932458 0.581446 0.452399 0.720034 0.121677 0.366741 0.252252 0.103151 0.709039 0.39257 0.544581 0.634182 0.958112 0.099188 0.488368 0.956269 0.658411 0.195706 0.616067 0.909622 0.162771 0.205943 0.604294 0.0256742 0.21592 0.468601 0.935142 0.0112489 0.339409 0.63541 0.0993125 0.281867 0.226856 0.541711 0.0119013 0.338533 0.898452 0.254154 0.431685 0.617491 0.636723 0.966266 0.261673 0.604835 0.0754539 0.740041 0.571104 0.723865 0.925748 0.197172 0.643487 0.098519 0.393115 0.257781 0.114193 0.599034 0.716383 0.0593349 0.600283 0.0657913 0.684745 0.689596 0.337658 0.901601 0.241307 0.33956 0.250135 0.149759 0.583713 0.671819 0.75725 0.230436 0.648085 0.0289235 0.825272 0.713539 
0.605281 0.201146 0.139797 0.588693 0.643329 0.295602 0.214696 0.788065 0.907261 0.554771 0.0551724 0.695504 0.307637 0.143627 0.655598 0.905771 0.27156 0.974871 0.394413 0.14489 0.860807 0 0.758965 0.406376 0.447404 0.694713 0.593548 0.100891 0.783232 0.976662 0.348672 0.887425 0.585696 0.0750549 0.93676 0.195979 0.130846 0.631505 0.875575 0.458505 0.543106 0.126882 0.788064 0.783241 0.266641 0.381777 0.46506 0.0338911 0.602214 0.123145 0.0528146 0.437486 0.826684 0.801779 0.833862 0.284088 0.506492 0.437409 0.374979 0.299723 0.424071 0.713651 0.197148 0.0197675 0.778706 0.143908 0.205747 0.899553 0.765412 0.0913217 0.368057 0.318518 0.208203 0.166121 0.111759 0.464844 0.537899 0.566819 0.488735 0.150113 0.679964 0.531549 0.577598 0.516649 0.343329 0.42146 0.790737 0.839821 0.848869 0.175716 0.149544 0.28294 0.879368 0.336693 0.292708 0.668074 0.4706 0.488455 0.577627 0.246013 
0.660276 0.717716 0.902641 0.27557 0.115706 0.890003 0.833361 0.92798 0.242011 0.727229 0.235816 0.583902 0.84285 0.169543 0.318598 0.13087 0.0480427 0.110144 0.552426 0.807126 0.690269 0.758965 0 0.569776 0.935684 0.554531 0.767979 0.111805 0.65629 0.242823 0.639703 0.233109 0.721558 0.779816 0.903073 0.263108 0.367414 0.429722 0.596437 0.778874 0.230459 0.446257 0.637743 0.396175 0.585802 0.910683 0.285543 0.912494 0.213391 0.943617 0.393095 0.691846 0.531243 0.629107 0.271622 0.476927 0.193638 0.0496014 0.578732 0.839928 0.282425 0.228435 0.0830367 0.0139829 0.0182511 0.97611 0.26709 0.375665 0.415832 0.853527 0.16454 0.636291 0.309785 0.792283 0.0424657 0.885586 0.712966 0.318008 0.808081 0.916357 0.271625 0.211176 0.618203 0.792868 0.830283 0.879825 0.279795 0.033921 0.919426 0.848527 0.863849 0.211851 0.0869619 0.936886 0.215834 0.095213 0.922996 0.472924 0.460878 0.348827 
0.0103962 0.837805 0.931501 0.656602 0.938411 0.216598 0.943922 0.15919 0.912049 0.0627941 0.783468 0.929486 0.76427 0.915273 0.641084 0.142033 0.553818 0.728651 0.608015 0.623221 0.0980636 0.406376 0.569776 0 0.336451 0.615418 0.975118 0.636236 0.417701 0.0275838 0.531822 0.140667 0.335592 0.349903 0.067024 0.597217 0.551079 0.675227 0.400086 0.391362 0.565052 0.669881 0.415283 0.494478 0.528408 0.289132 0.696329 0.60537 0.236017 0.902162 0.690583 0.169013 0.385087 0.161462 0.507841 0.711538 0.76688 0.492959 0.357774 0.19458 0.510542 0.879596 0.325247 0.836135 0.239499 0.382271 0.443352 0.780578 0.0674979 0.833438 0.18194 0.62255 0.513319 0.587223 0.127027 0.0517276 0.866355 0.813356 0.647098 0.112372 0.725518 0.347681 0.271385 0.120605 0.499142 0.769226 0.822143 0.276022 0.272184 0.189916 0.460602 0.772727 0.0795122 0.775849 0.618862 0.309011 0.16812 0.0722138 0.0995894 0.225618 
0.299378 0.65282 0.036471 0.581802 0.751969 0.465567 0.93499 0.85171 0.555214 0.238084 0.662761 0.21071 0.862537 0.786023 0.189092 0.989171 0.433807 0.281353 0.441457 0.356199 0.932458 0.447404 0.935684 0.336451 0 0.895652 0.271529 0.838168 0.418971 0.848752 0.955195 0.460699 0.725107 0.778551 0.117797 0.827479 0.514069 0.455477 0.108864 0.624674 0.94462 0.86809 0.456817 0.230642 0.150274 0.636733 0.681244 0.913001 0.706246 0.467093 0.541863 0.0252569 0.625213 0.604076 0.114846 0.840832 0.509728 0.376376 0.688999 0.9187 0.235128 0.654194 0.389399 0.950234 0.442745 0.497195 0.787713 0.946815 0.942673 0.886577 0.581489 0.897292 0.764667 0.0483063 0.137934 0.904942 0.67504 0.809178 0.827943 0.391285 0.28627 0.379805 0.406542 0.901484 0.973882 0.511388 0.752315 0.49361 0.877764 0.451315 0.42231 0.122892 0.115509 0.801709 0.0831261 0.548254 0.308904 0.860839 0.505069 0.261576 
0.235598 0.648992 0.401503 0.501412 0.674863 0.0916455 0.529713 0.763729 0.513416 0.102924 0.937676 0.97035 0.881658 0.864233 0.717284 0.942337 0.665239 0.313539 0.195398 0.977389 0.581446 0.694713 0.554531 0.615418 0.895652 0 0.757417 0.0965585 0.168869 0.532084 0.134865 0.296802 0.447026 0.799904 0.11598 0.284969 0.20119 0.39225 0.654774 0.597732 0.303734 0.638656 0.11912 0.0660495 0.142266 0.986884 0.507364 0.554576 0.119776 0.612873 0.366285 0.192902 0.171127 0.665189 0.0637414 0.666197 0.916765 0.811158 0.752755 0.0956339 0.353243 0.87762 0.382436 0.790269 0.687525 0.488416 0.0852373 0.878714 0.870667 0.730011 0.486446 0.184401 0.378668 0.595566 0.240451 0.510934 0.59245 0.737815 0.0755102 0.702226 0.360688 0.431795 0.885128 0.521815 0.106984 0.93887 0.198012 0.0337492 0.760028 0.940767 0.119383 0.12327 0.828387 0.491819 0.903539 0.525912 0.970236 0.978776 0.414626 0.850902 
0.458229 0.303791 0.899544 0.0852249 0.815599 0.786458 0.397914 0.310564 0.312108 0.259656 0.119435 0.0560368 0.126801 0.376855 0.786334 0.574148 0.773962 0.98608 0.643812 0.921439 0.452399 0.593548 0.767979 0.975118 0.271529 0.757417 0 0.718788 0.891072 0.0453034 0.107455 0.496638 0.275754 0.608389 0.0990885 0.0235685 0.673899 0.791315 0.374256 0.115695 0.686443 0.886071 0.212678 0.635312 0.0940833 0.236428 0.40534 0.0448505 0.345811 0.518611 0.863238 0.82763 0.43215 0.39915 0.807866 0.420926 0.803776 0.668768 0.149713 0.704848 0.704072 0.247169 0.211486 0.969826 0.845558 0.300575 0.983394 0.529457 0.101889 0.36765 0.635152 0.778332 0.263722 0.83783 0.423645 0.347805 0.0842579 0.818985 0.382655 0.420069 0.347595 0.255893 0.257699 0.769745 0.645043 0.0755646 0.200671 0.458819 0.734333 0.340384 0.173667 0.448404 0.577553 0.375153 0.42823 0.433111 0.665728 0.421624 0.952568 0.757617 
0.17267 0.67422 0.0987701 0.950225 0.53374 0.668885 0.616598 0.84668 0.265052 0.594004 0.588335 0.782595 0.497026 0.0125573 0.652781 0.870939 0.197163 0.122456 0.683264 0.914108 0.720034 0.100891 0.111805 0.636236 0.838168 0.0965585 0.718788 0 0.779274 0.59772 0.545949 0.0529958 0.44555 0.959594 0.390801 0.519808 0.788579 0.763456 0.929877 0.146174 0.0293496 0.197575 0.905919 0.664393 0.26314 0.11659 0.133212 0.987473 0.446974 0.296879 0.445877 0.0345265 0.662032 0.864107 0.457637 0.337759 0.295731 0.420205 0.105376 0.0850051 0.027925 0.641326 0.128001 0.463475 0.610919 0.508802 0.973283 0.409498 0.282258 0.91316 0.545672 0.301608 0.120735 0.461591 0.956 0.373875 0.56818 0.0992121 0.371348 0.025154 0.386091 0.807225 0.0496805 0.0581223 0.681332 0.497318 0.385882 0.967063 0.907523 0.481258 0.0620682 0.925448 0.132584 0.180069 0.398923 0.733503 0.678871 0.382206 0.153001 0.951129 
0.955325 0.481787 0.466421 0.773712 0.376746 0.950651 0.828985 0.527045 0.287056 0.0564856 0.182715 0.894085 0.467677 0.176206 0.141191 0.901214 0.862457 0.34 0.0515957 0.239028 0.121677 0.783232 0.65629 0.417701 0.418971 0.168869 0.891072 0.779274 0 0.305366 0.688673 0.262736 0.416101 0.160264 0.228737 0.779976 0.718444 0.317949 0.161324 0.733598 0.69404 0.95855 0.773278 0.742162 0.649882 0.280596 0.138044 0.626945 0.198119 0.609302 0.679013 0.133567 0.731885 0.849082 0.52249 0.475388 0.537953 0.894696 0.618389 0.499082 0.210062 0.317062 0.751818 0.616164 0.467326 0.970555 0.40614 0.19577 0.298504 0.557464 0.919368 0.982544 0.526014 0.702646 0.734706 0.185896 0.973243 0.862749 0.802841 0.181362 0.482051 0.491854 0.304929 0.223936 0.350936 0.817419 0.689324 0.878889 0.722115 0.317714 0.387971 0.922178 0.624776 0.14979 0.548341 0.102102 0.130345 0.944481 0.287872 0.418849 
0.0776387 0.814338 0.366269 0.311795 0.0215784 0.967027 0.143399 0.292521 0.236613 0.890055 0.341353 0.131727 0.234547 0.843225 0.816784 0.837831 0.0829556 0.0319532 0.913737 0.657372 0.366741 0.976662 0.242823 0.0275838 0.848752 0.532084 0.0453034 0.59772 0.305366 0 0.511946 0.21724 0.411393 0.04796 0.909887 0.156099 0.223856 0.89313 0.0288479 0.0366967 0.0844913 0.500899 0.518551 0.37942 0.714835 0.859487 0.206839 0.414159 0.748376 0.918955 0.721873 0.146348 0.851132 0.356649 0.286138 0.409474 0.448752 0.406483 0.363955 0.726624 0.815332 0.865901 0.933865 0.236726 0.903861 0.853751 0.382824 0.137717 0.756881 0.401672 0.164413 0.831372 0.892571 0.672964 0.220792 0.617406 0.542451 0.417632 0.0415646 0.300827 0.346586 0.753438 0.437175 0.207719 0.120087 0.713313 0.607192 0.558838 0.129796 0.961148 0.295462 0.935129 0.837048 0.239327 0.181854 0.750909 0.103078 0.554679 0.878626 0.849959 
0.37628 0.639729 0.67869 0.331019 0.484575 0.72382 0.953342 0.906376 0.553819 0.897582 0.0815514 0.398837 0.391814 0.5375 0.246206 0.216674 0.815705 0.206112 0.0751868 0.416576 0.252252 0.348672 0.639703 0.531822 0.955195 0.134865 0.107455 0.545949 0.688673 0.511946 0 0.946351 0.0530396 0.691332 0.848922 0.716004 0.902124 0.476328 0.268455 0.329756 0.507892 0.559282 0.666342 0.27133 0.986457 0.864061 0.381416 0.70977 0.481253 0.930255 0.829566 0.452401 0.235717 0.774695 0.299449 0.465044 0.946549 0.0603585 0.558122 0.511228 0.928985 0.418082 0.467579 0.972024 0.119413 0.326501 0.698028 0.0315372 0.792829 0.956483 0.351293 0.310721 0.525765 0.0276348 0.57205 0.522222 0.881696 0.943467 0.241992 0.372949 0.883722 0.0815589 0.815349 0.129439 0.846254 0.124798 0.584482 0.802803 0.175157 0.152605 0.324031 0.114142 0.560686 0.78161 0.0961658 0.670099 0.118111 0.784194 0.691637 0.90094 
0.920784 0.12476 0.678128 0.940627 0.808265 0.0389068 0.780086 0.181269 0.825454 0.864971 0.514938 0.464542 0.561257 0.917997 0.475592 0.3161 0.555466 0.424743 0.274899 0.278435 0.103151 0.887425 0.233109 0.140667 0.460699 0.296802 0.496638 0.0529958 0.262736 0.21724 0.946351 0 0.750676 0.0529294 0.221661 0.286441 0.0705643 0.783711 0.798663 0.94226 0.737178 0.0506554 0.325208 0.6309 0.122214 0.150558 0.750338 0.958468 0.265356 0.344821 0.771272 0.430513 0.487425 0.105303 0.534655 0.0581115 0.876914 0.620821 0.718211 0.985025 0.415014 0.419847 0.895965 0.175691 0.462777 0.127626 0.452132 0.523341 0.901337 0.260795 0.475601 0.648515 0.30145 0.790809 0.289415 0.413664 0.931367 0.0497529 0.382133 0.206723 0.384574 0.163404 0.627236 0.861999 0.258707 0.171891 0.91011 0.145621 0.782712 0.638321 0.140646 0.207726 0.0681685 0.0466108 0.373417 0.520945 0.164236 0.815548 0.0542864 0.0755734 
0.296275 0.470516 0.713836 0.505934 0.501887 0.961814 0.152189 0.875146 0.601939 0.220606 0.51571 0.754893 0.153544 0.246041 0.528457 0.584163 0.56167 0.0878299 0.199908 0.741474 0.709039 0.585696 0.721558 0.335592 0.725107 0.447026 0.275754 0.44555 0.416101 0.411393 0.0530396 0.750676 0 0.0863428 0.519887 0.714088 0.377793 0.320697 0.0135031 0.781457 0.262064 0.053256 0.17359 0.458787 0.427829 0.326994 0.0960229 0.299828 0.575702 0.257914 0.219939 0.711323 0.0506256 0.84826 0.841968 0.248352 0.906428 0.878579 0.611768 0.437374 0.0528158 0.437316 0.48166 0.118389 0.513659 0.0115474 0.822478 0.881452 0.322244 0.825981 0.672909 0.574307 0.869237 0.836499 0.0430941 0.307066 0.173493 0.129117 0.596894 0.739195 0.377031 0.806833 0.460518 0.417657 0.665093 0.312486 0.656008 0.581521 0.201065 0.277777 0.0288945 0.243881 0.705093 0.500555 0.35227 0.228752 0.502102 0.184748 0.120205 0.814346 
0.27874 0.482786 0.607055 0.616912 0.213512 0.927959 0.903181 0.192986 0.612783 0.712637 0.0224647 0.212151 0.339496 0.517653 0.803601 0.185466 0.461466 0.570364 0.562099 0.626111 0.39257 0.0750549 0.779816 0.349903 0.778551 0.799904 0.608389 0.959594 0.160264 0.04796 0.691332 0.0529294 0.0863428 0 0.0207286 0.783114 0.398653 0.879965 0.629613 0.431747 0.197031 0.793106 0.550865 0.783926 0.542302 0.917896 0.600759 0.0128191 0.345552 0.275851 0.315305 0.0115606 0.847372 0.506371 0.279337 0.866267 0.740252 0.97443 0.376822 0.102522 0.213183 0.868923 0.27727 0.323387 0.693269 0.287999 0.116501 0.101923 0.177964 0.736114 0.52367 0.364995 0.539221 0.0845346 0.158921 0.0915225 0.0124302 0.74968 0.0943416 0.347982 0.0355314 0.399647 0.349543 0.872904 0.896017 0.61888 0.749171 0.646269 0.603311 0.135992 0.738791 0.806493 0.0149158 0.0260613 0.139881 0.698185 0.30406 0.246382 0.790108 0.472024 
0.686281 0.361995 0.838157 0.975537 0.307587 0.941102 0.334117 0.619584 0.0537556 0.403835 0.861925 0.013072 0.086483 0.636634 0.127343 0.874279 0.723439 0.131586 0.965453 0.500024 0.544581 0.93676 0.903073 0.067024 0.117797 0.11598 0.0990885 0.390801 0.228737 0.909887 0.848922 0.221661 0.519887 0.0207286 0 0.972497 0.323778 0.827019 0.521718 0.398312 0.97594 0.60324 0.400743 0.73562 0.687582 0.738725 0.761151 0.0972285 0.0982681 0.644055 0.983246 0.707148 0.403226 0.639515 0.320459 0.529218 0.388307 0.136953 0.534134 0.404368 0.266833 0.242319 0.698428 0.503216 0.042427 0.180451 0.485712 0.356205 0.0174703 0.0174299 0.744517 0.98341 0.61067 0.15526 0.72903 0.308252 0.883985 0.500182 0.39548 0.972253 0.154237 0.388726 0.689401 0.547463 0.0382412 0.0198605 0.0866816 0.416548 0.146813 0.610816 0.810916 0.403647 0.843135 0.519343 0.896862 0.875562 0.689795 0.392575 0.241767 0.697265 
0.384383 0.570735 0.159623 0.599038 0.65469 0.371251 0.785538 0.422556 0.611073 0.803248 0.517476 0.037086 0.985519 0.0229796 0.90391 0.58948 0.202442 0.597517 0.200973 0.736173 0.634182 0.195979 0.263108 0.597217 0.827479 0.284969 0.0235685 0.519808 0.779976 0.156099 0.716004 0.286441 0.714088 0.783114 0.972497 0 0.400004 0.976284 0.690675 0.0206743 0.141544 0.429706 0.318926 0.0355285 0.919888 0.704406 0.0177815 0.0841249 0.103132 0.697183 0.621588 0.131373 0.707043 0.69827 0.537921 0.843856 0.319085 0.358836 0.257503 0.17222 0.86818 0.164365 0.0577823 0.567974 0.54694 0.289549 0.275239 0.936944 0.275833 0.955915 0.947619 0.407377 0.39562 0.276544 0.432905 0.325508 0.97095 0.440687 0.399633 0.0840821 0.14787 0.031221 0.205455 0.844913 0.719491 0.733376 0.698769 0.0485761 0.102213 0.946272 0.210797 0.960392 0.120638 0.258579 0.538366 0.657578 0.538128 0.803606 0.604522 0.803961 
0.898659 0.412159 0.922729 0.308167 0.59043 0.575514 0.0516284 0.462048 0.0715301 0.641953 0.621681 0.727475 0.728909 0.177562 0.531172 0.440098 0.678594 0.890449 0.455352 0.180727 0.958112 0.130846 0.367414 0.551079 0.514069 0.20119 0.673899 0.788579 0.718444 0.223856 0.902124 0.0705643 0.377793 0.398653 0.323778 0.400004 0 0.76952 0.56214 0.221338 0.175141 0.828685 0.644243 0.490649 0.809635 0.0949297 0.880282 0.883717 0.232799 0.901503 0.0991722 0.0877122 0.630993 0.822548 0.776482 0.669569 0.914761 0.732754 0.870366 0.885153 0.843392 0.138945 0.43352 0.510969 0.667073 0.247125 0.125491 0.481034 0.0266455 0.677631 0.692371 0.191786 0.516316 0.346614 0.672435 0.335951 0.431544 0.562716 0.229668 0.654343 0.474219 0.31884 0.732055 0.115212 0.151388 0.518537 0.774782 0.0761494 0.261291 0.655147 0.951303 0.114682 0.784092 0.394822 0.615652 0.461165 0.631947 0.731143 0.932198 0.648593 
0.0710683 0.800824 0.96338 0.368164 0.28421 0.436073 0.897151 0.903617 0.344517 0.676831 0.946315 0.0453869 0.477897 0.693929 0.909667 0.746942 0.267314 0.224491 0.466797 0.355252 0.099188 0.631505 0.429722 0.675227 0.455477 0.39225 0.791315 0.763456 0.317949 0.89313 0.476328 0.783711 0.320697 0.879965 0.827019 0.976284 0.76952 0 0.418774 0.63457 0.830379 0.92509 0.971184 0.512814 0.271041 0.412728 0.0855302 0.490709 0.0770711 0.549749 0.799549 0.799126 0.654961 0.940937 0.327663 0.439743 0.0270867 0.578954 0.10489 0.968389 0.683637 0.878983 0.373211 0.309288 0.350147 0.0151587 0.0504309 0.292346 0.653752 0.459205 0.916916 0.494131 0.394295 0.898099 0.0169445 0.655336 0.320827 0.0924747 0.156045 0.387898 0.632224 0.945593 0.197025 0.297185 0.896531 0.514688 0.726928 0.913617 0.103642 0.821818 0.892007 0.777279 0.710801 0.275218 0.096567 0.0709482 0.280377 0.136998 0.353294 0.924128 
0.92344 0.791531 0.921395 0.879877 0.708835 0.790367 0.863811 0.801902 0.716063 0.299054 0.740486 0.93077 0.535366 0.725299 0.510643 0.680566 0.876486 0.768178 0.913014 0.826866 0.488368 0.875575 0.596437 0.400086 0.108864 0.654774 0.374256 0.929877 0.161324 0.0288479 0.268455 0.798663 0.0135031 0.629613 0.521718 0.690675 0.56214 0.418774 0 0.586203 0.280209 0.428259 0.970498 0.188309 0.435204 0.635834 0.499136 0.517678 0.781878 0.877035 0.159902 0.737472 0.0840598 0.447087 0.644003 0.588748 0.184015 0.56762 0.68239 0.0158335 0.469627 0.469669 0.716634 0.734845 0.556236 0.777583 0.0252212 0.683234 0.140876 0.93935 0.279437 0.411086 0.377609 0.259935 0.589395 0.802812 0.885768 0.0985312 0.330491 0.677646 0.965566 0.480393 0.425118 0.0596258 0.91748 0.0791207 0.638374 0.111495 0.636741 0.330764 0.117329 0.116367 0.790433 0.823963 0.841212 0.356669 0.611545 0.856433 0.0499035 0.742422 
0.794083 0.187378 0.470262 0.439496 0.625029 0.929575 0.298258 0.607374 0.803676 0.74706 0.71245 0.836733 0.782204 0.640773 0.336916 0.236774 0.334919 0.0588254 0.847403 0.694236 0.956269 0.458505 0.778874 0.391362 0.624674 0.597732 0.115695 0.146174 0.733598 0.0366967 0.329756 0.94226 0.781457 0.431747 0.398312 0.0206743 0.221338 0.63457 0.586203 0 0.805783 0.31934 0.163508 0.193391 0.569275 0.742903 0.986203 0.465043 0.831434 0.326694 0.15269 0.807 0.797087 0.567808 0.856626 0.724566 0.636929 0.505 0.826062 0.283669 0.825764 0.93339 0.390036 0.626197 0.767353 0.241248 0.972866 0.388899 0.107681 0.0327697 0.14132 0.903464 0.34211 0.294828 0.106855 0.901385 0.0477309 0.103059 0.376428 0.869165 0.419753 0.519118 0.686165 0.226839 0.0969258 0.55279 0.941406 0.723854 0.0677899 0.777467 0.0175235 0.883553 0.720858 0.39756 0.51975 0.498211 0.628808 0.502617 0.877109 0.72649 
0.328412 0.0688651 0.479723 0.23885 0.293093 0.893334 0.412521 0.341627 0.52964 0.0584781 0.420061 0.0889622 0.758571 0.439378 0.118607 0.399681 0.373765 0.776413 0.0889291 0.517382 0.658411 0.543106 0.230459 0.565052 0.94462 0.303734 0.686443 0.0293496 0.69404 0.0844913 0.507892 0.737178 0.262064 0.197031 0.97594 0.141544 0.175141 0.830379 0.280209 0.805783 0 0.525386 0.0284296 0.639954 0.857496 0.313258 0.736809 0.768881 0.350989 0.829868 0.15531 0.230153 0.259621 0.664428 0.906318 0.47646 0.751353 0.469109 0.427866 0.485208 0.526898 0.215334 0.492731 0.420452 0.926191 0.880291 0.930202 0.434402 0.5191 0.442819 0.321511 0.255589 0.958205 0.339941 0.885543 0.825702 0.643198 0.632353 0.604583 0.984187 0.472221 0.749893 0.224341 0.721842 0.42432 0.140659 0.208302 0.185674 0.599767 0.626169 0.660882 0.136666 0.831502 0.163613 0.547118 0.767694 0.053904 0.48732 0.212096 0.563004 
0.218768 0.0268718 0.298769 0.979702 0.419515 0.53343 0.910438 0.455705 0.534282 0.394088 0.871571 0.127628 0.79017 0.469481 0.83631 0.395876 0.9299 0.425517 0.397983 0.0751505 0.195706 0.126882 0.446257 0.669881 0.86809 0.638656 0.886071 0.197575 0.95855 0.500899 0.559282 0.0506554 0.053256 0.793106 0.60324 0.429706 0.828685 0.92509 0.428259 0.31934 0.525386 0 0.920139 0.523607 0.808593 0.888344 0.853547 0.704136 0.724045 0.506745 0.346489 0.338628 0.500932 0.80871 0.0985211 0.715273 0.540552 0.512841 0.845932 0.738854 0.688515 0.455699 0.375023 0.359397 0.582365 0.216526 0.51301 0.139482 0.974219 0.556914 0.616802 0.196315 0.129917 0.546941 0.709921 0.92851 0.445285 0.573468 0.642647 0.179331 0.0902139 0.979136 0.507959 0.581146 0.797846 0.59648 0.306419 0.348398 0.119322 0.162351 0.097252 0.797837 0.60805 0.462275 0.167234 0.200415 0.668801 0.670243 0.329897 0.65302 
0.597333 0.267765 0.0647124 0.544961 0.284269 0.876382 0.549453 0.5494 0.200847 0.841633 0.583825 0.496241 0.236857 0.922804 0.847468 0.369096 0.984605 0.580959 0.954365 0.130376 0.616067 0.788064 0.637743 0.415283 0.456817 0.11912 0.212678 0.905919 0.773278 0.518551 0.666342 0.325208 0.17359 0.550865 0.400743 0.318926 0.644243 0.971184 0.970498 0.163508 0.0284296 0.920139 0 0.237157 0.936699 0.839335 0.357074 0.49364 0.559256 0.295584 0.928925 0.142724 0.928231 0.118256 0.222938 0.917367 0.616215 0.794085 0.725212 0.222695 0.110504 0.0836101 0.332017 0.262855 0.170862 0.139854 0.860905 0.623137 0.297087 0.0713195 0.301938 0.95733 0.391216 0.944958 0.204487 0.337916 0.794292 0.551561 0.821556 0.363548 0.837145 0.760481 0.496272 0.775376 0.868738 0.709211 0.702743 0.494953 0.513295 0.437955 0.707648 0.613799 0.511565 0.0496647 0.866654 0.672428 0.179518 0.737559 0.305565 0.466605 
0.666535 0.814548 0.150339 0.745191 0.856239 0.488387 0.338615 0.453067 0.0748309 0.0484154 0.020222 0.874284 0.963892 0.591891 0.70714 0.929839 0.23826 0.379022 0.246594 0.0716007 0.909622 0.783241 0.396175 0.494478 0.230642 0.0660495 0.635312 0.664393 0.742162 0.37942 0.27133 0.6309 0.458787 0.783926 0.73562 0.0355285 0.490649 0.512814 0.188309 0.193391 0.639954 0.523607 0.237157 0 0.798879 0.597503 0.433936 0.200095 0.55246 0.628423 0.528011 0.356752 0.189984 0.359567 0.7103 0.0371293 0.130048 0.216573 0.802506 0.988786 0.915783 0.515249 0.493738 0.439079 0.943204 0.211386 0.062878 0.46477 0.251051 0.919532 0.147197 0.420569 0.667091 0.442762 0.877174 0.47597 0.0502645 0.32111 0.666065 0.592725 0.939533 0.204076 0.939477 0.139517 0.553643 0.659777 0.166646 0.673691 0.86635 0.959152 0.672477 0.792134 0.484401 0.176215 0.241212 0.437605 0.377601 0.29409 0.892374 0.618652 
