100
0 0.359804 0.238533 0.561919 0.233387 0.0127593 0.788444 0.433791 0.591381 0.629781 0.294628 0.645947 0.258215 0.516168 0.218553 0.770949 0.319136 0.559965 0.304916 0.695516 0.152316 0.920443 0.970014 0.0416908 0.562597 0.770578 0.768877 0.392842 0.621335 0.417671 0.916507 0.767051 0.767475 0.16504 0.33897 0.0108613 0.167799 0.137415 0.434652 0.74918 0.757195 0.71928 0.405127 0.02541 0.245448 0.61368 0.786359 0.554585 0.183645 0.101275 0.260101 0.325961 0.0317176 0.240115 0.357652 0.584315 0.0206932 0.136529 0.967157 0.632028 0.5442 0.893664 0.409079 0.321675 0.0687036 0.738049 0.322536 0.226503 0.865464 0.747189 0.965683 0.632659 0.476469 0.38081 0.648069 0.711917 0.98449 0.444428 0.276502 0.178135 0.535703 0.526603 0.494096 0.557421 0.756718 0.841748 0.151735 0.767411 0.968277 0.128892 0.409439 0.522477 0.0325561 0.808518 0.834152 0.0912597 0.556568 0.166688 0.307762 0.432032 
0.359804 0 0.903877 0.283445 0.0746905 0.390346 0.654255 0.712759 0.112263 0.648746 0.167188 0.378765 0.816881 0.692891 0.895368 0.320977 0.260311 0.662086 0.172724 0.402047 0.439497 0.151001 0.520939 0.838936 0.663478 0.543495 0.657454 0.50763 0.624755 0.224022 0.664319 0.922517 0.646054 0.578196 0.215962 0.710744 0.958542 0.860218 0.433504 0.0808054 0.518963 0.590691 0.449571 0.345844 0.293582 0.354939 0.65682 0.543893 0.0270248 0.819545 0.93594 0.456522 0.960546 0.466879 0.305458 0.634024 0.0203737 0.952912 0.151655 0.635128 0.186934 0.805974 0.567645 0.822988 0.39417 0.773608 0.543732 0.362712 0.643825 0.967236 0.433517 0.172788 0.567927 0.873088 0.508632 0.851508 0.238027 0.175452 0.405401 0.255051 0.984997 0.351341 0.701573 0.955543 0.808219 0.0170304 0.599567 0.818593 0.959942 0.741222 0.463722 0.156876 0.557196 0.041367 0.969864 0.941365 0.804975 0.523596 0.314077 0.4588 
0.238533 0.903877 0 0.500831 0.737594 0.621588 0.0787581 0.620682 0.14022 0.920267 0.848708 0.305673 0.335668 0.113759 0.30067 0.677009 0.805332 0.266213 0.495228 0.812363 0.855781 0.323821 0.782305 0.607003 0.777543 0.929181 0.174199 0.80891 0.909045 0.125564 0.623885 0.442641 0.429641 0.0926845 0.933473 0.177235 0.704273 0.0222306 0.787917 0.834493 0.932497 0.646625 0.150166 0.278165 0.750384 0.440836 0.945174 0.565717 0.697049 0.450402 0.388079 0.56283 0.764223 0.180384 0.179833 0.551766 0.119566 0.344032 0.370676 0.0386108 0.459596 0.98456 0.471252 0.879237 0.087245 0.414724 0.0664727 0.781518 0.426955 0.844389 0.626011 0.369452 0.501014 0.766177 0.637617 0.261399 0.217013 0.592791 0.817115 0.904063 0.0531926 0.215195 0.476893 0.807416 0.385579 0.646726 0.369182 0.495145 0.980758 0.729858 0.523755 0.450354 0.724418 0.985007 0.339592 0.801663 0.409732 0.396065 0.593181 0.826687 
0.561919 0.283445 0.500831 0 0.250454 0.229192 0.206139 0.741468 0.985369 0.833756 0.0128672 0.212383 0.436547 0.819983 0.126445 0.479739 0.0451775 0.593339 0.297155 0.420757 0.250065 0.656337 0.905901 0.240823 0.396195 0.439657 0.681177 0.130613 0.434664 0.0307693 0.922276 0.834396 0.416834 0.525457 0.671083 0.657288 0.744649 0.867221 0.408756 0.740018 0.710977 0.411623 0.9424 0.157524 0.241606 0.0788459 0.627263 0.276783 0.662184 0.914418 0.68754 0.902249 0.580755 0.603441 0.153072 0.96695 0.0530981 0.82425 0.107563 0.477762 0.845019 0.0398385 0.322158 0.271853 0.555295 0.98324 0.919141 0.309944 0.860462 0.337897 0.0599618 0.581439 0.73952 0.0123622 0.728963 0.971126 0.081208 0.366227 0.25791 0.733393 0.290645 0.93545 0.645642 0.8614 0.548891 0.788714 0.83835 0.591989 0.622964 0.935913 0.0797513 0.477983 0.965751 0.391909 0.739836 0.531047 0.38515 0.668977 0.830991 0.255612 
0.233387 0.0746905 0.737594 0.250454 0 0.0168734 0.880952 0.827051 0.746394 0.883314 0.566014 0.72752 0.954523 0.92224 0.97543 0.697915 0.222885 0.920879 0.353557 0.0942858 0.47977 0.152271 0.922636 0.0817595 0.765235 0.868549 0.151511 0.253218 0.8443 0.53342 0.983054 0.385347 0.90857 0.66203 0.226337 0.174181 0.668904 0.117289 0.0112321 0.425297 0.010604 0.567246 0.162817 0.955127 0.499486 0.148247 0.663042 0.712372 0.0791261 0.0265985 0.796658 0.548896 0.16887 0.729294 0.620656 0.924105 0.607842 0.762167 0.187323 0.462142 0.305587 0.180376 0.837489 0.224157 0.832407 0.0738262 0.388338 0.511311 0.181116 0.38957 0.926608 0.18172 0.946816 0.0994253 0.146846 0.456303 0.237672 0.799888 0.178675 0.306798 0.816486 0.965332 0.845695 0.975356 0.704626 0.476351 0.909461 0.322468 0.248517 0.106783 0.774611 0.544104 0.27716 0.6221 0.758261 0.119566 0.685926 0.156599 0.620877 0.857042 
0.0127593 0.390346 0.621588 0.229192 0.0168734 0 0.53617 0.557485 0.0487615 0.492986 0.64691 0.185608 0.939289 0.874583 0.975496 0.127963 0.191381 0.801982 0.103295 0.0470754 0.787338 0.797921 0.513426 0.706798 0.130389 0.751944 0.803582 0.895 0.306048 0.0907412 0.5271 0.0743093 0.200308 0.223026 0.220909 0.811185 0.0900677 0.747078 0.37867 0.128829 0.250064 0.0355803 0.304437 0.199353 0.900163 0.289932 0.317316 0.101544 0.101914 0.410611 0.138619 0.879252 0.218533 0.642045 0.596051 0.338922 0.403989 0.409632 0.243922 0.700037 0.490373 0.761022 0.764346 0.680681 0.974048 0.975255 0.501866 0.0741159 0.732333 0.870535 0.192945 0.972398 0.896116 0.487382 0.181751 0.806279 0.767314 0.489067 0.897822 0.859229 0.889678 0.0464413 0.748481 0.118211 0.678486 0.354531 0.447133 0.0924752 0.754164 0.681055 0.782512 0.254537 0.452078 0.556858 0.925218 0.436126 0.542113 0.437083 0.500242 0.284446 
0.788444 0.654255 0.0787581 0.206139 0.880952 0.53617 0 0.317619 0.683187 0.266844 0.223734 0.180569 0.438595 0.0400129 0.937883 0.917661 0.927835 0.807112 0.817339 0.964276 0.565593 0.92555 0.652763 0.910124 0.382683 0.735238 0.674288 0.0737387 0.52775 0.918825 0.515816 0.094608 0.854042 0.941942 0.626721 0.301125 0.452184 0.901167 0.608744 0.14537 0.178011 0.822478 0.315939 0.606605 0.852491 0.263822 0.534267 0.790326 0.0809339 0.361606 0.764602 0.636527 0.297156 0.427365 0.556651 0.66984 0.172603 0.240939 0.733578 0.690353 0.169764 0.259395 0.774961 0.0338058 0.211337 0.411682 0.324931 0.65352 0.322849 0.923675 0.78889 0.49086 0.756153 0.114829 0.107465 0.618644 0.368651 0.631732 0.41897 0.439585 0.983338 0.193572 0.0861118 0.290494 0.610938 0.632763 0.950334 0.773541 0.863702 0.693913 0.473895 0.0434658 0.943307 0.258856 0.0672716 0.164644 0.660538 0.382203 0.808164 0.973387 
0.433791 0.712759 0.620682 0.741468 0.827051 0.557485 0.317619 0 0.315877 0.607054 0.474247 0.0820302 0.711883 0.571713 0.690674 0.0905346 0.213445 0.119644 0.52012 0.206783 0.303216 0.596231 0.487277 0.904154 0.238994 0.447611 0.687695 0.112697 0.151524 0.171589 0.146162 0.104831 0.420445 0.203434 0.259475 0.0909835 0.575637 0.0776393 0.0743709 0.881514 0.674694 0.538618 0.953544 0.396577 0.120331 0.654218 0.477112 0.323776 0.763862 0.987231 0.520559 0.077078 0.593463 0.0178358 0.971232 0.822457 0.455447 0.668926 0.925154 0.596971 0.830516 0.0813162 0.691803 0.260961 0.27475 0.941278 0.341944 0.840387 0.0289174 0.406315 0.731901 0.693611 0.934934 0.695445 0.100188 0.0652646 0.359664 0.5673 0.37904 0.133526 0.564531 0.889599 0.200604 0.167994 0.897435 0.181835 0.980451 0.362882 0.840762 0.915604 0.949853 0.681277 0.986921 0.651656 0.932238 0.271671 0.602934 0.284183 0.122058 0.621852 
0.591381 0.112263 0.14022 0.985369 0.746394 0.0487615 0.683187 0.315877 0 0.680498 0.843959 0.325463 0.625432 0.549404 0.415651 0.680696 0.899068 0.97295 0.0697367 0.042594 0.547481 0.949336 0.233198 0.705475 0.85677 0.405033 0.695925 0.229652 0.255795 0.62153 0.189506 0.927072 0.618451 0.831162 0.869311 0.880121 0.444096 0.163494 0.0121791 0.0759476 0.833992 0.846138 0.39141 0.469423 0.405542 0.797061 0.16012 0.31461 0.780011 0.219856 0.347204 0.337492 0.179192 0.570402 0.052967 0.0459623 0.965436 0.738892 0.265615 0.231231 0.370422 0.44512 0.168303 0.978873 0.286282 0.0476138 0.868994 0.720378 0.201107 0.871173 0.786326 0.0450989 0.727311 0.187736 0.504522 0.142854 0.974797 0.654642 0.447464 0.764808 0.864498 0.784669 0.1123 0.0536898 0.365071 0.155267 0.0896521 0.340506 0.884159 0.345267 0.561737 0.264582 0.780387 0.72004 0.253455 0.076669 0.757654 0.132449 0.787047 0.948761 
0.629781 0.648746 0.920267 0.833756 0.883314 0.492986 0.266844 0.607054 0.680498 0 0.0136224 0.583373 0.98386 0.730934 0.761108 0.498382 0.863787 0.745905 0.163024 0.321251 0.520713 0.0375216 0.11592 0.623013 0.0812114 0.470991 0.76828 0.160864 0.801497 0.662439 0.49613 0.373234 0.917021 0.286517 0.103274 0.180476 0.353186 0.850928 0.302925 0.150233 0.809689 0.306547 0.723606 0.803549 0.0474808 0.494714 0.311931 0.901268 0.250619 0.464955 0.23252 0.761332 0.492477 0.33844 0.394344 0.563688 0.799431 0.172624 0.714552 0.610928 0.825063 0.220682 0.974162 0.752084 0.497199 0.0874368 0.92256 0.840385 0.928365 0.235484 0.980618 0.748054 0.532032 0.714224 0.561604 0.569512 0.218938 0.863535 0.480781 0.459557 0.33849 0.7033 0.230889 0.820967 0.0517398 0.615234 0.394655 0.84117 0.777858 0.119207 0.462098 0.612921 0.329889 0.446261 0.375005 0.817088 0.523697 0.307564 0.667473 0.462062 
0.294628 0.167188 0.848708 0.0128672 0.566014 0.64691 0.223734 0.474247 0.843959 0.0136224 0 0.533049 0.658092 0.220117 0.0750804 0.382316 0.771721 0.634593 0.591254 0.645256 0.125373 0.0608113 0.973746 0.818673 0.2817 0.804713 0.860413 0.886934 0.209368 0.711584 0.674791 0.318575 0.183682 0.297712 0.638464 0.619943 0.662717 0.465553 0.15364 0.960281 0.143026 0.605703 0.50333 0.791118 0.81582 0.56841 0.183434 0.59754 0.213003 0.764688 0.252796 0.328377 0.815499 0.236542 0.15705 0.107199 0.0512553 0.0274634 0.984133 0.250624 0.729047 0.668925 0.559199 0.902729 0.956637 0.207664 0.532672 0.629354 0.663216 0.676313 0.599635 0.796242 0.292016 0.112965 0.59736 0.117835 0.671375 0.770793 0.705376 0.874378 0.545481 0.948172 0.212755 0.37098 0.194714 0.359805 0.468179 0.235969 0.377268 0.462312 0.476593 0.116316 0.141237 0.0457924 0.029045 0.107874 0.243456 0.551717 0.727228 0.896672 
0.645947 0.378765 0.305673 0.212383 0.72752 0.185608 0.180569 0.0820302 0.325463 0.583373 0.533049 0 0.23803 0.336862 0.702915 0.520046 0.439827 0.310275 0.627881 0.121202 0.091068 0.343257 0.98558 0.626549 0.301429 0.208335 0.987529 0.486143 0.55814 0.465708 0.712112 0.925409 0.91802 0.198705 0.0517245 0.0692574 0.234498 0.0707695 0.167131 0.467954 0.612487 0.884359 0.374626 0.840517 0.231221 0.0875409 0.370562 0.661048 0.387816 0.988443 0.77225 0.468883 0.3417 0.76783 0.105432 0.633129 0.966166 0.102961 0.129271 0.534306 0.558669 0.831384 0.469715 0.486689 0.040089 0.51144 0.545947 0.264587 0.572209 0.703078 0.722541 0.194696 0.597437 0.107167 0.0452128 0.818658 0.184708 0.405775 0.489706 0.562524 0.404219 0.271956 0.041407 0.735919 0.0497867 0.136839 0.379048 0.0259524 0.229801 0.498319 0.550259 0.77847 0.339703 0.0299737 0.275159 0.369792 0.531413 0.811106 0.624379 0.113622 
0.258215 0.816881 0.335668 0.436547 0.954523 0.939289 0.438595 0.711883 0.625432 0.98386 0.658092 0.23803 0 0.524184 0.356919 0.298318 0.131622 0.454086 0.333531 0.94028 0.628794 0.729306 0.439986 0.201318 0.143525 0.701942 0.232725 0.869444 0.741729 0.359564 0.258491 0.757681 0.579365 0.74681 0.31794 0.367835 0.0965131 0.337914 0.632994 0.456305 0.859327 0.4541 0.0906834 0.962949 0.968285 0.437603 0.271268 0.109906 0.881689 0.594799 0.0601859 0.520484 0.334105 0.490172 0.711802 0.46763 0.202114 0.934527 0.347074 0.933843 0.304091 0.595565 0.701525 0.873456 0.352376 0.0294648 0.251291 0.438889 0.357379 0.874285 0.885194 0.226705 0.338386 0.965877 0.199655 0.31667 0.41348 0.460922 0.416576 0.305169 0.0657209 0.466762 0.815653 0.389826 0.946934 0.537454 0.847456 0.159049 0.481981 0.20453 0.102892 0.776072 0.790095 0.794417 0.659529 0.152471 0.813881 0.90082 0.581359 0.18126 
0.516168 0.692891 0.113759 0.819983 0.92224 0.874583 0.0400129 0.571713 0.549404 0.730934 0.220117 0.336862 0.524184 0 0.785105 0.476553 0.397965 0.133491 0.45243 0.58762 0.440161 0.85591 0.0585424 0.846737 0.171079 0.114263 0.323499 0.976732 0.494089 0.280433 0.524186 0.351545 0.429482 0.0161675 0.546075 0.522374 0.78224 0.34617 0.32679 0.451768 0.48864 0.150672 0.362588 0.0799996 0.321932 0.157694 0.546553 0.709897 0.281184 0.988983 0.307517 0.711345 0.854893 0.356059 0.568082 0.0359721 0.460323 0.881581 0.0227041 0.944412 0.172015 0.53689 0.305957 0.591496 0.543058 0.842032 0.12387 0.335298 0.198201 0.44066 0.777066 0.676841 0.581332 0.149655 0.746841 0.893264 0.297348 0.303393 0.613161 0.568532 0.302376 0.910678 0.289877 0.167269 0.276737 0.847959 0.193241 0.72706 0.739541 0.205946 0.681472 0.901555 0.732836 0.977429 0.503052 0.285894 0.82946 0.616922 0.611192 0.0376611 
0.218553 0.895368 0.30067 0.126445 0.97543 0.975496 0.937883 0.690674 0.415651 0.761108 0.0750804 0.702915 0.356919 0.785105 0 0.0675821 0.398258 0.704502 0.638914 0.537913 0.461343 0.542178 0.825261 0.754737 0.165338 0.403793 0.0671131 0.0860159 0.68367 0.224382 0.352753 0.54163 0.407624 0.0898128 0.29117 0.603569 0.761284 0.202726 0.346405 0.748713 0.695777 0.622299 0.588173 0.322699 0.243491 0.615834 0.380281 0.631749 0.330337 0.0291954 0.179661 0.78168 0.561373 0.014922 0.546417 0.716711 0.408715 0.60353 0.792727 0.102385 0.817912 0.15548 0.634015 0.235536 0.235293 0.915185 0.829105 0.986578 0.127911 0.18551 0.745291 0.813689 0.797809 0.343464 0.146388 0.0513004 0.949298 0.516669 0.673049 0.289635 0.535865 0.842711 0.0813145 0.107238 0.847633 0.617731 0.813949 0.266348 0.231261 0.616676 0.358733 0.0591727 0.762157 0.982748 0.284708 0.98745 0.907933 0.123814 0.984028 0.0458445 
0.770949 0.320977 0.677009 0.479739 0.697915 0.127963 0.917661 0.0905346 0.680696 0.498382 0.382316 0.520046 0.298318 0.476553 0.0675821 0 0.299324 0.739318 0.849533 0.107133 0.092782 0.985921 0.148434 0.05208 0.51259 0.811483 0.331715 0.058455 0.664193 0.403029 0.155693 0.521826 0.0307601 0.959642 0.778174 0.252021 0.586318 0.146906 0.301193 0.358475 0.139654 0.575902 0.355925 0.0575875 0.689715 0.349953 0.093432 0.979039 0.099271 0.932965 0.0961726 0.182053 0.928886 0.234606 0.224133 0.451477 0.0560892 0.545848 0.499932 0.710283 0.938877 0.645625 0.242109 0.959637 0.615266 0.0302824 0.221658 0.211585 0.167189 0.512851 0.56006 0.296843 0.0987528 0.905985 0.34443 0.778468 0.265938 0.427862 0.767507 0.355209 0.370828 0.85368 0.527262 0.309714 0.0982864 0.741395 0.751191 0.144376 0.297242 0.261123 0.844658 0.246119 0.896747 0.0967672 0.215756 0.522014 0.11705 0.427413 0.723598 0.274238 
0.319136 0.260311 0.805332 0.0451775 0.222885 0.191381 0.927835 0.213445 0.899068 0.863787 0.771721 0.439827 0.131622 0.397965 0.398258 0.299324 0 0.930264 0.293658 0.561081 0.0390171 0.209643 0.895512 0.807485 0.465581 0.333374 0.584993 0.810789 0.694202 0.448673 0.348051 0.013916 0.536959 0.0994459 0.755107 0.671335 0.386688 0.0262295 0.525993 0.622807 0.912977 0.612761 0.828563 0.44499 0.71981 0.265976 0.178588 0.984049 0.206241 0.462246 0.55513 0.235258 0.661889 0.460642 0.0527431 0.13747 0.784016 0.627736 0.93826 0.488218 0.0864088 0.296311 0.492134 0.613368 0.385757 0.257241 0.294703 0.762445 0.273471 0.810696 0.395252 0.196447 0.433457 0.233815 0.631437 0.163267 0.489791 0.800026 0.157316 0.686032 0.272272 0.702446 0.91129 0.924161 0.173088 0.954033 0.0716316 0.947104 0.591769 0.0198912 0.445322 0.668178 0.306202 0.927457 0.291546 0.681959 0.194698 0.576249 0.454403 0.458168 
0.559965 0.662086 0.266213 0.593339 0.920879 0.801982 0.807112 0.119644 0.97295 0.745905 0.634593 0.310275 0.454086 0.133491 0.704502 0.739318 0.930264 0 0.396945 0.839655 0.644615 0.820402 0.0834706 0.286053 0.97367 0.563262 0.0960784 0.140985 0.259294 0.35835 0.833431 0.180584 0.292512 0.0165192 0.144617 0.354144 0.953623 0.726386 0.364035 0.408946 0.404563 0.660237 0.346402 0.686109 0.352195 0.5311 0.272358 0.796599 0.979268 0.659303 0.646254 0.633884 0.489705 0.719725 0.909937 0.473375 0.292987 0.016015 0.60436 0.542281 0.364365 0.447792 0.712865 0.646877 0.454311 0.847482 0.0110209 0.417934 0.583867 0.365056 0.81688 0.97843 0.0352924 0.173282 0.674539 0.377488 0.694382 0.936897 0.184087 0.68365 0.6062 0.820341 0.327534 0.105906 0.550066 0.24747 0.569281 0.833053 0.253485 0.183641 0.385334 0.607851 0.621433 0.108199 0.264728 0.0857435 0.94568 0.265749 0.493678 0.539548 
0.304916 0.172724 0.495228 0.297155 0.353557 0.103295 0.817339 0.52012 0.0697367 0.163024 0.591254 0.627881 0.333531 0.45243 0.638914 0.849533 0.293658 0.396945 0 0.620805 0.320557 0.527978 0.646097 0.483839 0.212517 0.0335849 0.188221 0.159414 0.207671 0.861872 0.755615 0.0380124 0.199405 0.85152 0.578078 0.436876 0.430801 0.421131 0.680361 0.604442 0.796465 0.298212 0.235875 0.894663 0.55294 0.311618 0.850343 0.808689 0.795296 0.399891 0.439494 0.125853 0.917869 0.0955911 0.599692 0.140386 0.119176 0.777914 0.289801 0.316848 0.649785 0.0554152 0.34486 0.839191 0.896935 0.912938 0.286067 0.337736 0.344069 0.956428 0.932178 0.150534 0.26464 0.178053 0.0551967 0.807581 0.479671 0.89554 0.62627 0.284966 0.305431 0.075764 0.40082 0.2333 0.161355 0.010512 0.363686 0.270531 0.778426 0.643487 0.577379 0.438211 0.688902 0.912239 0.287402 0.595838 0.835177 0.563469 0.923574 0.189246 
0.695516 0.402047 0.812363 0.420757 0.0942858 0.0470754 0.964276 0.206783 0.042594 0.321251 0.645256 0.121202 0.94028 0.58762 0.537913 0.107133 0.561081 0.839655 0.620805 0 0.529897 0.865752 0.329779 0.784537 0.0538048 0.374976 0.602117 0.523476 0.280516 0.238387 0.798442 0.575947 0.304151 0.209262 0.799247 0.455507 0.209774 0.172933 0.716038 0.978199 0.80642 0.303416 0.42641 0.505322 0.225655 0.703812 0.11116 0.0708317 0.277281 0.0447335 0.250077 0.797178 0.900486 0.569856 0.591714 0.94429 0.934832 0.203832 0.477766 0.225348 0.432219 0.286208 0.791295 0.726371 0.48547 0.600542 0.191877 0.685243 0.763475 0.897915 0.673442 0.579895 0.211332 0.109853 0.0952174 0.426987 0.803665 0.196377 0.487818 0.0909462 0.23111 0.727896 0.878124 0.141596 0.307752 0.479838 0.0958864 0.252584 0.67367 0.563652 0.467933 0.115889 0.83986 0.269228 0.83226 0.33533 0.85977 0.0341377 0.030573 0.633245 
0.152316 0.439497 0.855781 0.250065 0.47977 0.787338 0.565593 0.303216 0.547481 0.520713 0.125373 0.091068 0.628794 0.440161 0.461343 0.092782 0.0390171 0.644615 0.320557 0.529897 0 0.922053 0.694015 0.223141 0.143385 0.793868 0.308358 0.560371 0.607534 0.494735 0.0581899 0.68848 0.715845 0.776086 0.576604 0.847441 0.0938378 0.0664419 0.933328 0.336422 0.730112 0.50698 0.794355 0.836001 0.35684 0.0735828 0.678261 0.68217 0.923353 0.702399 0.702743 0.566598 0.634452 0.406759 0.779739 0.767837 0.210627 0.0980967 0.338208 0.808161 0.582832 0.386398 0.506641 0.308677 0.172484 0.0932446 0.166118 0.256322 0.149686 0.109446 0.582744 0.869798 0.606426 0.387099 0.7158 0.953266 0.450682 0.404061 0.645436 0.384035 0.11646 0.35818 0.940633 0.740912 0.754938 0.730371 0.518749 0.955566 0.818468 0.846957 0.773726 0.4113 0.243355 0.290367 0.709977 0.405839 0.373612 0.866095 0.652161 0.513298 
0.920443 0.151001 0.323821 0.656337 0.152271 0.797921 0.92555 0.596231 0.949336 0.0375216 0.0608113 0.343257 0.729306 0.85591 0.542178 0.985921 0.209643 0.820402 0.527978 0.865752 0.922053 0 0.965541 0.244905 0.393097 0.581967 0.622003 0.118896 0.545233 0.082685 0.512957 0.20067 0.45672 0.619418 0.548849 0.407352 0.37033 0.313788 0.147724 0.879079 0.279353 0.956192 0.736037 0.0630798 0.377491 0.969392 0.343447 0.0974681 0.385231 0.707059 0.953563 0.047392 0.230357 0.929104 0.282297 0.613454 0.521071 0.8943 0.72235 0.0763041 0.966985 0.245308 0.266974 0.433704 0.854726 0.805823 0.831057 0.235056 0.129611 0.96878 0.124135 0.398964 0.934972 0.850172 0.452044 0.322463 0.829564 0.785491 0.409932 0.224795 0.50255 0.373495 0.262187 0.722907 0.312599 0.534484 0.346361 0.82367 0.438784 0.0787115 0.889974 0.415769 0.314019 0.166947 0.839473 0.178745 0.96277 0.68053 0.4038 0.102381 
0.970014 0.520939 0.782305 0.905901 0.922636 0.513426 0.652763 0.487277 0.233198 0.11592 0.973746 0.98558 0.439986 0.0585424 0.825261 0.148434 0.895512 0.0834706 0.646097 0.329779 0.694015 0.965541 0 0.65931 0.517935 0.491345 0.604282 0.378107 0.933389 0.916746 0.217671 0.72888 0.336677 0.432466 0.241429 0.700172 0.684654 0.954337 0.0227706 0.229138 0.310698 0.83644 0.657921 0.379409 0.736414 0.0836899 0.683428 0.893362 0.913163 0.852173 0.866132 0.603693 0.265974 0.958513 0.273003 0.773909 0.459858 0.867285 0.162016 0.403247 0.794031 0.369687 0.142127 0.140708 0.792154 0.373556 0.830879 0.486808 0.337893 0.84365 0.705945 0.63859 0.69009 0.373867 0.0279996 0.436504 0.447557 0.701428 0.339866 0.37072 0.563601 0.215998 0.964412 0.819575 0.184511 0.247415 0.603484 0.634369 0.1247 0.7555 0.0476164 0.908731 0.135187 0.179743 0.0594385 0.917341 0.543299 0.880318 0.414149 0.871192 
0.0416908 0.838936 0.607003 0.240823 0.0817595 0.706798 0.910124 0.904154 0.705475 0.623013 0.818673 0.626549 0.201318 0.846737 0.754737 0.05208 0.807485 0.286053 0.483839 0.784537 0.223141 0.244905 0.65931 0 0.733968 0.130094 0.519782 0.434058 0.493961 0.537782 0.860563 0.931517 0.24921 0.210428 0.312237 0.802811 0.416426 0.286649 0.632386 0.590938 0.524065 0.24587 0.235307 0.638765 0.0113694 0.272923 0.557496 0.136557 0.442667 0.606934 0.0638978 0.975966 0.497252 0.468047 0.857158 0.24122 0.588141 0.38694 0.665278 0.0921013 0.914722 0.535841 0.0336186 0.173932 0.736269 0.335856 0.966743 0.162696 0.612505 0.609129 0.743633 0.14657 0.844999 0.96894 0.775335 0.846368 0.251864 0.342831 0.972925 0.68453 0.939765 0.0468225 0.670496 0.447017 0.504869 0.537654 0.678238 0.10301 0.914594 0.353516 0.185111 0.839316 0.879357 0.20873 0.0232487 0.625627 0.534585 0.979992 0.778323 0.15709 
0.562597 0.663478 0.777543 0.396195 0.765235 0.130389 0.382683 0.238994 0.85677 0.0812114 0.2817 0.301429 0.143525 0.171079 0.165338 0.51259 0.465581 0.97367 0.212517 0.0538048 0.143385 0.393097 0.517935 0.733968 0 0.599121 0.531956 0.29366 0.45412 0.510896 0.0789945 0.310488 0.75276 0.411825 0.293413 0.44729 0.36159 0.330235 0.127786 0.798608 0.825104 0.65544 0.486846 0.918114 0.580034 0.830362 0.113225 0.429351 0.719719 0.311955 0.4426 0.355346 0.83654 0.432592 0.143668 0.98363 0.041713 0.665624 0.28729 0.485833 0.186521 0.356284 0.786321 0.929281 0.758109 0.0897341 0.386571 0.1297 0.409969 0.504357 0.918308 0.245074 0.169797 0.415153 0.173188 0.739832 0.255515 0.276413 0.179183 0.965234 0.578368 0.611782 0.33058 0.424907 0.054374 0.464248 0.418537 0.086087 0.139872 0.695827 0.56192 0.316393 0.0621115 0.358241 0.255673 0.810221 0.437975 0.632244 0.929921 0.837945 
0.770578 0.543495 0.929181 0.439657 0.868549 0.751944 0.735238 0.447611 0.405033 0.470991 0.804713 0.208335 0.701942 0.114263 0.403793 0.811483 0.333374 0.563262 0.0335849 0.374976 0.793868 0.581967 0.491345 0.130094 0.599121 0 0.146601 0.858228 0.0930186 0.306399 0.283381 0.256206 0.0562307 0.528896 0.522619 0.225413 0.50413 0.110987 0.827196 0.824709 0.525894 0.87157 0.298957 0.934432 0.947657 0.428829 0.640259 0.519577 0.735222 0.69237 0.867818 0.980895 0.512591 0.315794 0.623139 0.452512 0.163738 0.759741 0.32074 0.246757 0.0761394 0.594121 0.492963 0.12237 0.133018 0.0255826 0.337783 0.627148 0.126569 0.174979 0.461857 0.642464 0.0565488 0.750814 0.586895 0.0142056 0.189644 0.237154 0.523782 0.914865 0.919524 0.401601 0.90576 0.442116 0.707394 0.5389 0.884628 0.861133 0.30864 0.215368 0.117889 0.37478 0.799489 0.600853 0.48715 0.922507 0.616435 0.814933 0.559655 0.733005 
0.768877 0.657454 0.174199 0.681177 0.151511 0.803582 0.674288 0.687695 0.695925 0.76828 0.860413 0.987529 0.232725 0.323499 0.0671131 0.331715 0.584993 0.0960784 0.188221 0.602117 0.308358 0.622003 0.604282 0.519782 0.531956 0.146601 0 0.979912 0.0315117 0.385468 0.0464611 0.772326 0.962363 0.0506667 0.95197 0.209517 0.564449 0.876835 0.139042 0.95605 0.792596 0.571157 0.673444 0.341495 0.465785 0.544576 0.640136 0.671153 0.652466 0.0249153 0.480642 0.263319 0.502065 0.413149 0.869754 0.326998 0.962804 0.612759 0.31691 0.984315 0.988227 0.353372 0.766641 0.96059 0.394038 0.728611 0.180108 0.948487 0.615446 0.309149 0.914537 0.418042 0.870307 0.597981 0.749537 0.346092 0.152557 0.399673 0.0272444 0.795023 0.414588 0.497886 0.0683416 0.906653 0.901035 0.928095 0.243651 0.873839 0.550854 0.550562 0.868154 0.549081 0.893933 0.644796 0.519671 0.297972 0.383407 0.689778 0.256459 0.988853 
0.392842 0.50763 0.80891 0.130613 0.253218 0.895 0.0737387 0.112697 0.229652 0.160864 0.886934 0.486143 0.869444 0.976732 0.0860159 0.058455 0.810789 0.140985 0.159414 0.523476 0.560371 0.118896 0.378107 0.434058 0.29366 0.858228 0.979912 0 0.988928 0.180996 0.416895 0.869234 0.768977 0.176432 0.225326 0.911534 0.566105 0.24257 0.716557 0.970694 0.730457 0.774899 0.887347 0.641492 0.712995 0.140998 0.525331 0.273849 0.68156 0.403485 0.812929 0.585493 0.0582808 0.3426 0.873465 0.431688 0.0423786 0.139924 0.430541 0.0413063 0.31092 0.837436 0.900541 0.0898972 0.023868 0.135867 0.0114316 0.579973 0.368437 0.717989 0.560667 0.108894 0.502888 0.458014 0.740386 0.225883 0.589012 0.275717 0.489731 0.280572 0.669202 0.31266 0.856065 0.717483 0.645261 0.73953 0.159171 0.677639 0.869454 0.579711 0.708946 0.190374 0.427147 0.619486 0.270272 0.441015 0.745353 0.271703 0.0309881 0.12379 
0.621335 0.624755 0.909045 0.434664 0.8443 0.306048 0.52775 0.151524 0.255795 0.801497 0.209368 0.55814 0.741729 0.494089 0.68367 0.664193 0.694202 0.259294 0.207671 0.280516 0.607534 0.545233 0.933389 0.493961 0.45412 0.0930186 0.0315117 0.988928 0 0.979692 0.581655 0.222684 0.49258 0.0496688 0.95307 0.708463 0.628681 0.238787 0.208194 0.899253 0.89799 0.510854 0.765318 0.625473 0.166115 0.514848 0.774644 0.833754 0.394302 0.364355 0.5527 0.574677 0.781502 0.182186 0.834948 0.232516 0.917539 0.116651 0.253504 0.0513291 0.106344 0.825159 0.264013 0.588924 0.864828 0.227083 0.307387 0.503509 0.455871 0.505581 0.412761 0.36386 0.0264349 0.188079 0.979333 0.18255 0.692927 0.763977 0.026304 0.0972295 0.138332 0.569004 0.661906 0.909833 0.74119 0.506854 0.152349 0.668728 0.613506 0.395854 0.710058 0.709849 0.231013 0.964071 0.308773 0.105842 0.201154 0.60616 0.59935 0.647025 
0.417671 0.224022 0.125564 0.0307693 0.53342 0.0907412 0.918825 0.171589 0.62153 0.662439 0.711584 0.465708 0.359564 0.280433 0.224382 0.403029 0.448673 0.35835 0.861872 0.238387 0.494735 0.082685 0.916746 0.537782 0.510896 0.306399 0.385468 0.180996 0.979692 0 0.12174 0.0221119 0.0208854 0.138175 0.200191 0.0102187 0.310725 0.883119 0.764196 0.327029 0.970348 0.892527 0.886032 0.642254 0.81236 0.637222 0.159109 0.95471 0.31595 0.762614 0.360564 0.036008 0.482463 0.581577 0.0100788 0.781236 0.677419 0.201233 0.397396 0.286769 0.838258 0.509136 0.298881 0.849143 0.637311 0.489072 0.849362 0.938036 0.382191 0.623558 0.275065 0.362539 0.526085 0.171097 0.0147929 0.348445 0.798319 0.163901 0.313155 0.124269 0.916516 0.663719 0.150277 0.408979 0.255296 0.150356 0.200215 0.922714 0.341589 0.587611 0.219483 0.189847 0.106747 0.508364 0.0489906 0.734058 0.987436 0.888353 0.682094 0.379627 
0.916507 0.664319 0.623885 0.922276 0.983054 0.5271 0.515816 0.146162 0.189506 0.49613 0.674791 0.712112 0.258491 0.524186 0.352753 0.155693 0.348051 0.833431 0.755615 0.798442 0.0581899 0.512957 0.217671 0.860563 0.0789945 0.283381 0.0464611 0.416895 0.581655 0.12174 0 0.521911 0.947159 0.732166 0.0579957 0.128256 0.736959 0.396441 0.916575 0.89086 0.699596 0.0508442 0.817376 0.373315 0.191122 0.236355 0.618611 0.331478 0.42657 0.551326 0.663067 0.0241815 0.760809 0.842914 0.120929 0.279173 0.881905 0.844987 0.27661 0.780257 0.537081 0.646237 0.312168 0.49424 0.388402 0.360164 0.612496 0.135361 0.746605 0.539071 0.0362208 0.456201 0.579915 0.843596 0.819516 0.761037 0.0899512 0.448127 0.102514 0.506521 0.989453 0.755581 0.520703 0.760262 0.608495 0.631632 0.0494355 0.5004 0.486619 0.316045 0.290657 0.0337 0.952282 0.592825 0.51794 0.350684 0.942989 0.140436 0.476045 0.699594 
0.767051 0.922517 0.442641 0.834396 0.385347 0.0743093 0.094608 0.104831 0.927072 0.373234 0.318575 0.925409 0.757681 0.351545 0.54163 0.521826 0.013916 0.180584 0.0380124 0.575947 0.68848 0.20067 0.72888 0.931517 0.310488 0.256206 0.772326 0.869234 0.222684 0.0221119 0.521911 0 0.669507 0.502266 0.165795 0.259421 0.355862 0.975312 0.030458 0.435814 0.433439 0.122972 0.932335 0.432892 0.868553 0.463038 0.203154 0.487048 0.10467 0.24259 0.977448 0.581289 0.548635 0.278105 0.604989 0.510917 0.860931 0.132929 0.851601 0.81392 0.263364 0.337646 0.523514 0.922871 0.829912 0.679309 0.192292 0.195775 0.66462 0.21275 0.621588 0.108059 0.325723 0.563923 0.530951 0.204276 0.0369613 0.724106 0.681324 0.131631 0.956695 0.668773 0.70292 0.51533 0.936878 0.317908 0.0362469 0.807808 0.440837 0.877848 0.631728 0.694201 0.225494 0.165242 0.627072 0.065406 0.834551 0.809365 0.251181 0.509171 
0.767475 0.646054 0.429641 0.416834 0.90857 0.200308 0.854042 0.420445 0.618451 0.917021 0.183682 0.91802 0.579365 0.429482 0.407624 0.0307601 0.536959 0.292512 0.199405 0.304151 0.715845 0.45672 0.336677 0.24921 0.75276 0.0562307 0.962363 0.768977 0.49258 0.0208854 0.947159 0.669507 0 0.032115 0.862769 0.607231 0.347838 0.436692 0.148182 0.542114 0.463653 0.862288 0.233438 0.585284 0.828983 0.892211 0.298204 0.354313 0.839089 0.606112 0.38056 0.656897 0.0569491 0.268408 0.298625 0.74115 0.483902 0.453867 0.378222 0.539308 0.298418 0.197587 0.780488 0.797589 0.219702 0.653257 0.41482 0.55754 0.0999491 0.553002 0.109653 0.553602 0.425289 0.333092 0.148887 0.264272 0.235302 0.437091 0.608585 0.0843911 0.0532034 0.979145 0.731288 0.100153 0.257553 0.0399132 0.831303 0.731455 0.48378 0.219525 0.280763 0.772198 0.407112 0.0712516 0.579787 0.616814 0.714509 0.984607 0.184354 0.804458 
0.16504 0.578196 0.0926845 0.525457 0.66203 0.223026 0.941942 0.203434 0.831162 0.286517 0.297712 0.198705 0.74681 0.0161675 0.0898128 0.959642 0.0994459 0.0165192 0.85152 0.209262 0.776086 0.619418 0.432466 0.210428 0.411825 0.528896 0.0506667 0.176432 0.0496688 0.138175 0.732166 0.502266 0.032115 0 0.547608 0.284007 0.36806 0.962897 0.607099 0.506947 0.23717 0.832401 0.934038 0.835755 0.906792 0.977242 0.824901 0.64808 0.0873941 0.0924541 0.677994 0.908697 0.813909 0.171774 0.138222 0.104673 0.933972 0.535334 0.165924 0.523759 0.162148 0.870433 0.518365 0.336502 0.684891 0.0759736 0.610509 0.0629511 0.0488711 0.227608 0.559898 0.276041 0.070009 0.503937 0.121796 0.966801 0.491178 0.936697 0.624882 0.568572 0.0391508 0.312875 0.487269 0.84306 0.474649 0.615491 0.937733 0.418621 0.160826 0.113657 0.93238 0.312974 0.97409 0.460745 0.639476 0.668981 0.526719 0.259985 0.721932 0.56559 
0.33897 0.215962 0.933473 0.671083 0.226337 0.220909 0.626721 0.259475 0.869311 0.103274 0.638464 0.0517245 0.31794 0.546075 0.29117 0.778174 0.755107 0.144617 0.578078 0.799247 0.576604 0.548849 0.241429 0.312237 0.293413 0.522619 0.95197 0.225326 0.95307 0.200191 0.0579957 0.165795 0.862769 0.547608 0 0.477593 0.29183 0.831631 0.537602 0.785767 0.943427 0.514403 0.286945 0.890124 0.149285 0.845517 0.919274 0.45216 0.342786 0.772335 0.916809 0.948278 0.720067 0.34543 0.119104 0.823724 0.28781 0.422078 0.807814 0.738555 0.0715541 0.486795 0.275273 0.321539 0.218727 0.830863 0.789133 0.500557 0.672494 0.336735 0.296323 0.62592 0.841138 0.573268 0.526044 0.980423 0.428786 0.455318 0.442583 0.761572 0.237653 0.369392 0.71985 0.94772 0.704822 0.828954 0.781445 0.982632 0.261031 0.599259 0.731186 0.322586 0.0960535 0.0164595 0.634125 0.30478 0.837323 0.433258 0.795337 0.519816 
0.0108613 0.710744 0.177235 0.657288 0.174181 0.811185 0.301125 0.0909835 0.880121 0.180476 0.619943 0.0692574 0.367835 0.522374 0.603569 0.252021 0.671335 0.354144 0.436876 0.455507 0.847441 0.407352 0.700172 0.802811 0.44729 0.225413 0.209517 0.911534 0.708463 0.0102187 0.128256 0.259421 0.607231 0.284007 0.477593 0 0.759993 0.10166 0.155737 0.611131 0.664928 0.671781 0.601554 0.103714 0.137099 0.0541373 0.855286 0.364752 0.41353 0.585136 0.322472 0.128352 0.42409 0.113917 0.120983 0.675121 0.703176 0.84217 0.987707 0.789229 0.848629 0.631832 0.104009 0.695952 0.0750893 0.889346 0.225768 0.825082 0.981006 0.371505 0.446213 0.655934 0.0532859 0.0577666 0.749649 0.180385 0.101904 0.614935 0.535137 0.505433 0.210071 0.84761 0.623785 0.624161 0.951527 0.734768 0.309282 0.664702 0.586938 0.306988 0.463931 0.445567 0.92882 0.55794 0.151519 0.0139095 0.457286 0.367287 0.828991 0.448292 
0.167799 0.958542 0.704273 0.744649 0.668904 0.0900677 0.452184 0.575637 0.444096 0.353186 0.662717 0.234498 0.0965131 0.78224 0.761284 0.586318 0.386688 0.953623 0.430801 0.209774 0.0938378 0.37033 0.684654 0.416426 0.36159 0.50413 0.564449 0.566105 0.628681 0.310725 0.736959 0.355862 0.347838 0.36806 0.29183 0.759993 0 0.728792 0.285204 0.114227 0.772078 0.332971 0.853875 0.942463 0.424874 0.47881 0.4876 0.920308 0.67888 0.34521 0.554093 0.313041 0.306736 0.298861 0.612323 0.961438 0.875799 0.909311 0.435369 0.331366 0.848131 0.98331 0.472885 0.852041 0.450596 0.830172 0.691032 0.888888 0.568964 0.966236 0.0131145 0.351042 0.309207 0.85699 0.303504 0.724081 0.345799 0.781105 0.654389 0.0346797 0.136314 0.218482 0.337721 0.43305 0.507344 0.940043 0.404489 0.393143 0.859355 0.829858 0.714509 0.717486 0.823168 0.197394 0.579527 0.283764 0.037566 0.280559 0.182652 0.59653 
0.137415 0.860218 0.0222306 0.867221 0.117289 0.747078 0.901167 0.0776393 0.163494 0.850928 0.465553 0.0707695 0.337914 0.34617 0.202726 0.146906 0.0262295 0.726386 0.421131 0.172933 0.0664419 0.313788 0.954337 0.286649 0.330235 0.110987 0.876835 0.24257 0.238787 0.883119 0.396441 0.975312 0.436692 0.962897 0.831631 0.10166 0.728792 0 0.256796 0.185766 0.937571 0.556003 0.052756 0.251076 0.290084 0.388555 0.0421803 0.934473 0.413235 0.168495 0.162956 0.740956 0.591545 0.660299 0.690999 0.986034 0.0634421 0.560354 0.825892 0.767951 0.28784 0.65906 0.955345 0.857367 0.932824 0.982911 0.147927 0.125476 0.589441 0.394722 0.301242 0.537012 0.940725 0.343998 0.778088 0.240809 0.722554 0.810268 0.185283 0.145788 0.968763 0.338238 0.876744 0.570308 0.988538 0.577743 0.566342 0.0619797 0.148097 0.402234 0.819931 0.425937 0.0712939 0.785276 0.293304 0.0141179 0.778187 0.431231 0.129594 0.377628 
0.434652 0.433504 0.787917 0.408756 0.0112321 0.37867 0.608744 0.0743709 0.0121791 0.302925 0.15364 0.167131 0.632994 0.32679 0.346405 0.301193 0.525993 0.364035 0.680361 0.716038 0.933328 0.147724 0.0227706 0.632386 0.127786 0.827196 0.139042 0.716557 0.208194 0.764196 0.916575 0.030458 0.148182 0.607099 0.537602 0.155737 0.285204 0.256796 0 0.815953 0.420836 0.904641 0.766678 0.754835 0.692729 0.0174873 0.487388 0.512998 0.19277 0.623177 0.491761 0.521008 0.509921 0.0720685 0.519546 0.0976639 0.62841 0.571526 0.235761 0.0406441 0.401457 0.651698 0.101938 0.196733 0.935002 0.106056 0.96492 0.376232 0.22565 0.352549 0.202185 0.636486 0.26719 0.958863 0.401321 0.949919 0.96635 0.878709 0.472916 0.16912 0.511885 0.954677 0.680129 0.0318062 0.0367452 0.209675 0.11947 0.655155 0.7712 0.345231 0.6858 0.182657 0.986929 0.777737 0.36939 0.93193 0.873793 0.34431 0.318162 0.109443 
0.74918 0.0808054 0.834493 0.740018 0.425297 0.128829 0.14537 0.881514 0.0759476 0.150233 0.960281 0.467954 0.456305 0.451768 0.748713 0.358475 0.622807 0.408946 0.604442 0.978199 0.336422 0.879079 0.229138 0.590938 0.798608 0.824709 0.95605 0.970694 0.899253 0.327029 0.89086 0.435814 0.542114 0.506947 0.785767 0.611131 0.114227 0.185766 0.815953 0 0.686859 0.510347 0.735929 0.944048 0.47921 0.14725 0.903967 0.455561 0.0359583 0.386883 0.614681 0.537844 0.35156 0.30481 0.55965 0.378305 0.504484 0.66912 0.0434603 0.285685 0.0243509 0.71926 0.458342 0.0212795 0.506997 0.817731 0.94321 0.390791 0.172041 0.271372 0.490234 0.8489 0.77172 0.236163 0.802948 0.26093 0.373412 0.716915 0.706491 0.39937 0.113797 0.331172 0.927214 0.455357 0.625981 0.496864 0.823662 0.140466 0.175984 0.857122 0.41615 0.190335 0.586382 0.864492 0.201615 0.103379 0.692223 0.154824 0.48417 0.854264 
0.757195 0.518963 0.932497 0.710977 0.010604 0.250064 0.178011 0.674694 0.833992 0.809689 0.143026 0.612487 0.859327 0.48864 0.695777 0.139654 0.912977 0.404563 0.796465 0.80642 0.730112 0.279353 0.310698 0.524065 0.825104 0.525894 0.792596 0.730457 0.89799 0.970348 0.699596 0.433439 0.463653 0.23717 0.943427 0.664928 0.772078 0.937571 0.420836 0.686859 0 0.416197 0.964403 0.713164 0.197916 0.210566 0.526112 0.448846 0.573978 0.253027 0.165337 0.963349 0.356824 0.486508 0.900563 0.802181 0.12249 0.407427 0.635843 0.252956 0.573411 0.502965 0.659106 0.753747 0.0993467 0.533598 0.945361 0.192726 0.235821 0.110186 0.666896 0.100086 0.516382 0.641299 0.80325 0.704298 0.841865 0.339362 0.163144 0.425844 0.582388 0.318481 0.399192 0.929212 0.79499 0.309755 0.741393 0.90748 0.707182 0.387236 0.170435 0.290594 0.880201 0.819541 0.0543405 0.969548 0.363139 0.989702 0.172274 0.58896 
0.71928 0.590691 0.646625 0.411623 0.567246 0.0355803 0.822478 0.538618 0.846138 0.306547 0.605703 0.884359 0.4541 0.150672 0.622299 0.575902 0.612761 0.660237 0.298212 0.303416 0.50698 0.956192 0.83644 0.24587 0.65544 0.87157 0.571157 0.774899 0.510854 0.892527 0.0508442 0.122972 0.862288 0.832401 0.514403 0.671781 0.332971 0.556003 0.904641 0.510347 0.416197 0 0.109888 0.829169 0.679045 0.61627 0.480468 0.492295 0.330568 0.332334 0.821657 0.483713 0.748177 0.414045 0.792194 0.157369 0.353258 0.597184 0.457125 0.104651 0.514663 0.174307 0.481887 0.675098 0.454901 0.372088 0.504639 0.499242 0.351636 0.857778 0.498943 0.51391 0.456738 0.598831 0.353079 0.145783 0.225101 0.823547 0.628078 0.545669 0.165881 0.459735 0.0393818 0.904058 0.86378 0.821576 0.0714276 0.227038 0.428759 0.518552 0.321689 0.933423 0.68286 0.793576 0.618521 0.147761 0.175664 0.13316 0.637002 0.5173 
0.405127 0.449571 0.150166 0.9424 0.162817 0.304437 0.315939 0.953544 0.39141 0.723606 0.50333 0.374626 0.0906834 0.362588 0.588173 0.355925 0.828563 0.346402 0.235875 0.42641 0.794355 0.736037 0.657921 0.235307 0.486846 0.298957 0.673444 0.887347 0.765318 0.886032 0.817376 0.932335 0.233438 0.934038 0.286945 0.601554 0.853875 0.052756 0.766678 0.735929 0.964403 0.109888 0 0.980938 0.145946 0.0412101 0.447676 0.734776 0.384289 0.583459 0.949877 0.217837 0.221537 0.505546 0.373718 0.671272 0.534928 0.287776 0.545053 0.366504 0.349203 0.762091 0.785263 0.857756 0.0937798 0.728686 0.550615 0.877356 0.357207 0.688376 0.0630205 0.480367 0.335378 0.570321 0.471304 0.471324 0.601531 0.90898 0.2161 0.97582 0.502439 0.175977 0.203657 0.713976 0.671524 0.567374 0.395249 0.216452 0.84515 0.930301 0.572956 0.204353 0.702392 0.368219 0.0721092 0.786172 0.106905 0.612724 0.673528 0.454112 
0.02541 0.345844 0.278165 0.157524 0.955127 0.199353 0.606605 0.396577 0.469423 0.803549 0.791118 0.840517 0.962949 0.0799996 0.322699 0.0575875 0.44499 0.686109 0.894663 0.505322 0.836001 0.0630798 0.379409 0.638765 0.918114 0.934432 0.341495 0.641492 0.625473 0.642254 0.373315 0.432892 0.585284 0.835755 0.890124 0.103714 0.942463 0.251076 0.754835 0.944048 0.713164 0.829169 0.980938 0 0.3111 0.726549 0.924479 0.636478 0.306869 0.405783 0.117802 0.898401 0.324763 0.323902 0.884221 0.817202 0.489879 0.0978774 0.541178 0.171403 0.655252 0.926427 0.377855 0.510402 0.866728 0.940811 0.704755 0.579121 0.319031 0.766864 0.375293 0.415936 0.389589 0.0588206 0.860048 0.690689 0.775369 0.794527 0.337168 0.0922386 0.21031 0.44497 0.980639 0.525073 0.758871 0.87486 0.352275 0.258751 0.962737 0.883454 0.420154 0.627989 0.819881 0.788009 0.148391 0.696609 0.73882 0.843146 0.28573 0.0678509 
