100
0 0.546381 0.182266 0.652481 0.948872 0.555287 0.33561 0.291218 0.634689 0.115423 0.103749 0.942793 0.276359 0.79726 0.60091 0.717017 0.227043 0.581157 0.30297 0.691393 0.417506 0.091043 0.164139 0.199132 0.650561 0.641825 0.620219 0.117875 0.714169 0.779692 0.0703842 0.253341 0.336073 0.24265 0.895822 0.294945 0.787938 0.241432 0.576163 0.432627 0.346855 0.669913 0.38542 0.613214 0.477173 0.97633 0.340231 0.694216 0.567487 0.633201 0.395609 0.974993 0.714244 0.549747 0.184125 0.374805 0.201573 0.794344 0.48268 0.905742 0.584036 0.543064 0.169082 0.91011 0.775715 0.0749042 0.215055 0.573653 0.306336 0.781218 0.0162796 0.643191 0.461131 0.391699 0.266405 0.928304 0.378029 0.596636 0.632519 0.935516 0.239837 0.0381278 0.920509 0.944081 0.577875 0.114634 0.328886 0.769448 0.898978 0.801566 0.685189 0.493014 0.354631 0.844272 0.413124 0.140345 0.909176 0.618179 0.703998 0.225512 
0.546381 0 0.409397 0.710278 0.858703 0.860527 0.111977 0.135109 0.798831 0.480006 0.721745 0.44135 0.425521 0.951582 0.469478 0.35603 0.905663 0.0573527 0.460664 0.244549 0.816801 0.369642 0.0561153 0.51199 0.852656 0.400746 0.366262 0.27578 0.531091 0.285437 0.883959 0.245089 0.500949 0.303355 0.945367 0.369653 0.173882 0.0673435 0.494761 0.962713 0.537349 0.226506 0.414063 0.95287 0.188088 0.87354 0.318901 0.103751 0.920893 0.769565 0.3383 0.747693 0.149206 0.384416 0.269683 0.0118628 0.775162 0.625945 0.277643 0.316253 0.901382 0.171602 0.551342 0.412332 0.464957 0.506709 0.771985 0.628839 0.564053 0.276746 0.601552 0.111402 0.493252 0.0256147 0.0742721 0.671341 0.889155 0.383173 0.765092 0.820048 0.162737 0.113393 0.577741 0.301944 0.487808 0.837425 0.303806 0.27297 0.47337 0.571449 0.579223 0.384752 0.733051 0.140565 0.787084 0.208008 0.637274 0.569069 0.826847 0.211326 
0.182266 0.409397 0 0.835815 0.438399 0.312728 0.339067 0.454014 0.377 0.0204077 0.353169 0.750173 0.7755 0.183217 0.90291 0.878892 0.750958 0.214854 0.376701 0.598382 0.50866 0.639671 0.081752 0.0901095 0.228893 0.456504 0.813161 0.359458 0.253588 0.0311684 0.986732 0.812656 0.848015 0.208058 0.658471 0.296415 0.510786 0.987538 0.740428 0.877787 0.0179459 0.103597 0.637959 0.783446 0.276814 0.550869 0.672338 0.0377717 0.755723 0.0590384 0.626154 0.274383 0.688709 0.697906 0.354492 0.907602 0.16441 0.177653 0.27706 0.407998 0.198821 0.273793 0.230655 0.0568368 0.471851 0.879126 0.343251 0.972638 0.876664 0.0936798 0.860424 0.88461 0.187277 0.508383 0.678055 0.454091 0.0692525 0.360393 0.481863 0.814975 0.409432 0.118017 0.0993581 0.108141 0.805923 0.44385 0.0257429 0.960333 0.611503 0.292803 0.378331 0.800325 0.556596 0.598986 0.847161 0.038447 0.488112 0.200413 0.0210846 0.374776 
0.652481 0.710278 0.835815 0 0.284093 0.871509 0.269385 0.46137 0.389892 0.937441 0.905461 0.449145 0.307834 0.397323 0.27412 0.707266 0.50534 0.363478 0.805406 0.321263 0.797328 0.821149 0.291596 0.418832 0.123953 0.659928 0.229156 0.670549 0.268913 0.0863176 0.698996 0.747025 0.27673 0.71008 0.131801 0.550823 0.591589 0.391186 0.0221928 0.971481 0.338627 0.917653 0.430626 0.636461 0.324977 0.694745 0.353727 0.820317 0.0682232 0.169133 0.15158 0.855552 0.980283 0.433176 0.284383 0.114236 0.103104 0.503539 0.774784 0.362017 0.579857 0.48378 0.119042 0.846587 0.20386 0.240843 0.40741 0.785449 0.622029 0.419603 0.76693 0.950656 0.347257 0.207556 0.597117 0.662233 0.892301 0.940844 0.49255 0.950524 0.119978 0.63413 0.816076 0.110261 0.0773063 0.110459 0.214496 0.17041 0.603998 0.97928 0.522427 0.193855 0.47306 0.63147 0.0504422 0.666921 0.862313 0.447853 0.46237 0.494343 
0.948872 0.858703 0.438399 0.284093 0 0.857456 0.2393 0.454999 0.214712 0.436856 0.0621163 0.866945 0.339157 0.0129606 0.369496 0.299682 0.122938 0.0136257 0.125758 0.223199 0.080932 0.226217 0.427695 0.241342 0.820215 0.416975 0.75377 0.0240702 0.880036 0.39524 0.0645124 0.556956 0.267553 0.502365 0.0293265 0.751895 0.36982 0.258627 0.216894 0.574533 0.685483 0.26901 0.451478 0.0346406 0.271971 0.810974 0.324322 0.384909 0.814599 0.44008 0.598108 0.885531 0.656297 0.0358031 0.136873 0.486512 0.442778 0.880643 0.500583 0.332814 0.285882 0.555095 0.879771 0.543435 0.0674598 0.899097 0.30533 0.42728 0.167724 0.512224 0.0118129 0.843207 0.771235 0.453291 0.867847 0.0532057 0.274264 0.20217 0.428115 0.0988635 0.63225 0.0362232 0.974395 0.298548 0.0620263 0.121268 0.77506 0.494805 0.0119109 0.285642 0.817619 0.287793 0.830737 0.707389 0.821229 0.888197 0.616486 0.136559 0.325478 0.77421 
0.555287 0.860527 0.312728 0.871509 0.857456 0 0.638783 0.32729 0.627417 0.420018 0.770581 0.505264 0.463224 0.0548456 0.697434 0.881339 0.143709 0.339685 0.907562 0.128104 0.628232 0.959588 0.239372 0.413292 0.464393 0.241282 0.688935 0.292012 0.519076 0.529672 0.989401 0.350304 0.427869 0.615887 0.476863 0.743347 0.400097 0.125647 0.0806374 0.0375144 0.535665 0.841219 0.532779 0.988889 0.886064 0.240213 0.880227 0.0397732 0.569898 0.797789 0.157877 0.20813 0.767378 0.387248 0.611422 0.241771 0.618531 0.310357 0.523782 0.147607 0.830029 0.523183 0.487911 0.267898 0.149071 0.954774 0.0212451 0.539168 0.0904207 0.0918825 0.566682 0.616085 0.923101 0.109461 0.614974 0.819165 0.339674 0.505201 0.848938 0.899572 0.312991 0.0168153 0.117702 0.0903682 0.394064 0.719124 0.322139 0.0225945 0.039481 0.835921 0.160201 0.85951 0.369104 0.638112 0.137408 0.508175 0.602886 0.148653 0.0573429 0.683307 
0.33561 0.111977 0.339067 0.269385 0.2393 0.638783 0 0.230536 0.614025 0.309392 0.163637 0.713486 0.914366 0.972802 0.0631607 0.429567 0.83174 0.952733 0.732558 0.838556 0.0804348 0.812926 0.242619 0.789559 0.145065 0.255214 0.81904 0.970986 0.405415 0.68855 0.35009 0.0535268 0.815958 0.848265 0.646413 0.954611 0.895608 0.33972 0.195147 0.519633 0.639112 0.348784 0.24312 0.563478 0.331586 0.296281 0.983045 0.173326 0.259013 0.725604 0.0218819 0.329448 0.54853 0.254501 0.129007 0.683595 0.499715 0.938047 0.664581 0.89513 0.636597 0.0246715 0.938657 0.462555 0.862937 0.59507 0.427167 0.768545 0.924789 0.612314 0.298179 0.573901 0.951097 0.531298 0.147379 0.292683 0.817579 0.140424 0.456009 0.0865923 0.856028 0.467891 0.40604 0.414558 0.712393 0.525048 0.108153 0.222108 0.473095 0.762734 0.127238 0.119692 0.777405 0.0758943 0.572248 0.650342 0.660964 0.989414 0.428887 0.595753 
0.291218 0.135109 0.454014 0.46137 0.454999 0.32729 0.230536 0 0.611728 0.717066 0.179654 0.572825 0.258364 0.317033 0.855508 0.0859429 0.447458 0.321518 0.162535 0.313485 0.779409 0.558576 0.718043 0.501802 0.0936234 0.816196 0.713909 0.556718 0.58893 0.831147 0.666411 0.376335 0.897041 0.248658 0.036677 0.568005 0.248073 0.455564 0.173758 0.849801 0.18263 0.343412 0.432626 0.430994 0.650445 0.298134 0.506937 0.107903 0.609652 0.659472 0.411388 0.399061 0.228047 0.139432 0.890863 0.311671 0.945628 0.614772 0.858389 0.544557 0.455919 0.5348 0.910892 0.36296 0.773459 0.937569 0.920965 0.0315313 0.403133 0.104723 0.871332 0.575763 0.438135 0.313958 0.0167567 0.0985808 0.602093 0.513693 0.196484 0.221745 0.183165 0.597872 0.610806 0.401213 0.727304 0.511669 0.702884 0.682931 0.136442 0.571273 0.237489 0.582361 0.116073 0.158381 0.935321 0.879531 0.10595 0.866286 0.901063 0.499083 
0.634689 0.798831 0.377 0.389892 0.214712 0.627417 0.614025 0.611728 0 0.961009 0.782395 0.084846 0.409144 0.106353 0.0916027 0.497725 0.698445 0.595296 0.684209 0.91019 0.768461 0.292081 0.530997 0.179674 0.029385 0.052666 0.872557 0.702316 0.179108 0.45383 0.929805 0.751468 0.559903 0.0981858 0.696789 0.449434 0.194136 0.573074 0.360497 0.683219 0.544083 0.152892 0.758065 0.943227 0.249244 0.839667 0.450952 0.93769 0.444963 0.145161 0.85788 0.223424 0.427242 0.398877 0.393098 0.446627 0.441543 0.275655 0.158944 0.61065 0.719485 0.0987488 0.372119 0.289388 0.186935 0.0789074 0.728823 0.37107 0.641982 0.0993195 0.0642888 0.196065 0.242211 0.812353 0.149292 0.481456 0.662021 0.590245 0.429145 0.116984 0.725406 0.297026 0.330408 0.162648 0.685902 0.713507 0.599276 0.137445 0.979162 0.748219 0.738096 0.708648 0.836968 0.120214 0.988036 0.0339027 0.189122 0.726858 0.394973 0.821103 
0.115423 0.480006 0.0204077 0.937441 0.436856 0.420018 0.309392 0.717066 0.961009 0 0.816178 0.449262 0.0271686 0.068389 0.271615 0.166461 0.539845 0.923636 0.746706 0.95899 0.0506199 0.482112 0.266016 0.371028 0.63476 0.941918 0.094535 0.244036 0.0893633 0.0836971 0.982255 0.817459 0.782345 0.829224 0.927673 0.780381 0.853126 0.126795 0.517239 0.258099 0.937898 0.343417 0.697361 0.955067 0.401806 0.958976 0.131528 0.931651 0.892611 0.868234 0.900641 0.933231 0.360346 0.176656 0.31426 0.985106 0.128574 0.398795 0.239142 0.207937 0.472492 0.231398 0.0353964 0.264837 0.0706213 0.95307 0.0552171 0.913747 0.0898643 0.562456 0.181846 0.0377626 0.895873 0.869207 0.98283 0.307679 0.838183 0.124357 0.24933 0.740794 0.982591 0.15997 0.684025 0.352937 0.326626 0.988285 0.348044 0.4452 0.39708 0.577186 0.643138 0.859572 0.798584 0.668534 0.134408 0.859205 0.631604 0.179625 0.782952 0.711468 
0.103749 0.721745 0.353169 0.905461 0.0621163 0.770581 0.163637 0.179654 0.782395 0.816178 0 0.732082 0.954799 0.739231 0.637955 0.834006 0.73206 0.935634 0.682188 0.846418 0.194963 0.432982 0.839009 0.344933 0.127008 0.201946 0.66156 0.125293 0.53999 0.11676 0.512373 0.127176 0.749898 0.381944 0.91576 0.428432 0.506353 0.784965 0.0700359 0.675978 0.577917 0.771504 0.41806 0.542716 0.520735 0.0660142 0.386722 0.262795 0.0116478 0.0789102 0.119213 0.196611 0.501893 0.948222 0.531545 0.6189 0.160168 0.203104 0.734193 0.690158 0.309864 0.256566 0.807334 0.0697624 0.62851 0.733094 0.488195 0.144863 0.528058 0.548231 0.810841 0.115975 0.329734 0.238901 0.648691 0.840469 0.294915 0.045413 0.113264 0.296563 0.114323 0.222476 0.483174 0.606216 0.180698 0.0247186 0.235116 0.330866 0.217823 0.95931 0.031024 0.517687 0.225876 0.828358 0.57745 0.844386 0.571451 0.0756443 0.979249 0.10951 
0.942793 0.44135 0.750173 0.449145 0.866945 0.505264 0.713486 0.572825 0.084846 0.449262 0.732082 0 0.613875 0.80009 0.215485 0.933609 0.0489913 0.854176 0.784078 0.333906 0.889589 0.887342 0.620469 0.0139122 0.119819 0.113643 0.610128 0.290517 0.128362 0.835244 0.611383 0.336185 0.804554 0.632407 0.843872 0.0404298 0.470765 0.431322 0.874816 0.0522162 0.496966 0.864065 0.151726 0.120841 0.674156 0.357211 0.0644501 0.713147 0.221387 0.838529 0.0570532 0.120976 0.735871 0.667522 0.124888 0.84569 0.771166 0.725016 0.146207 0.889527 0.57026 0.74759 0.235712 0.384814 0.389997 0.0895839 0.415244 0.850762 0.510906 0.30006 0.892978 0.0178715 0.174125 0.0547037 0.128712 0.838281 0.401914 0.183162 0.561427 0.613301 0.0316909 0.608481 0.724277 0.757562 0.286003 0.839165 0.613252 0.0671687 0.574181 0.749459 0.946696 0.154441 0.507049 0.192408 0.529255 0.887045 0.271992 0.934499 0.747807 0.772898 
0.276359 0.425521 0.7755 0.307834 0.339157 0.463224 0.914366 0.258364 0.409144 0.0271686 0.954799 0.613875 0 0.244559 0.650785 0.780769 0.408684 0.695489 0.899481 0.256965 0.107403 0.0926438 0.808393 0.710704 0.114335 0.426873 0.444981 0.861897 0.702876 0.294146 0.485148 0.760045 0.858326 0.244607 0.716741 0.0227671 0.741656 0.899149 0.542022 0.638701 0.181141 0.486522 0.396508 0.944039 0.721081 0.0572931 0.734808 0.139765 0.742782 0.64429 0.38673 0.840185 0.726933 0.205123 0.560889 0.831268 0.621996 0.0158704 0.703165 0.334872 0.300016 0.198313 0.104917 0.168342 0.43292 0.811659 0.181109 0.184576 0.720808 0.713132 0.813277 0.891949 0.209653 0.219785 0.845988 0.920734 0.267078 0.590796 0.0704996 0.01986 0.245086 0.44723 0.850045 0.962019 0.642353 0.420934 0.803288 0.274349 0.426805 0.516452 0.599221 0.716821 0.704765 0.694139 0.875163 0.147686 0.515797 0.0662726 0.322262 0.246605 
0.79726 0.951582 0.183217 0.397323 0.0129606 0.0548456 0.972802 0.317033 0.106353 0.068389 0.739231 0.80009 0.244559 0 0.769404 0.145539 0.148554 0.969058 0.355324 0.984543 0.899792 0.612402 0.585339 0.960292 0.622262 0.820425 0.417521 0.482307 0.792444 0.0698741 0.893241 0.605732 0.334223 0.330046 0.132184 0.923444 0.0568664 0.82695 0.627583 0.92203 0.964635 0.15338 0.978302 0.296897 0.389985 0.757706 0.432436 0.528539 0.736764 0.77776 0.523082 0.646556 0.400162 0.118421 0.616848 0.0324238 0.928846 0.044369 0.504731 0.73129 0.104243 0.407972 0.347022 0.428466 0.728018 0.469206 0.36191 0.774884 0.306156 0.979492 0.706914 0.280791 0.142872 0.695216 0.567688 0.522857 0.462922 0.0101242 0.0613961 0.209686 0.777884 0.574478 0.846242 0.188046 0.682899 0.47309 0.210469 0.621744 0.507459 0.7052 0.363034 0.601702 0.123172 0.700056 0.0401681 0.84119 0.179263 0.392078 0.626074 0.475418 
0.60091 0.469478 0.90291 0.27412 0.369496 0.697434 0.0631607 0.855508 0.0916027 0.271615 0.637955 0.215485 0.650785 0.769404 0 0.381571 0.342988 0.74621 0.514443 0.0482038 0.323898 0.0472997 0.501126 0.324022 0.0986958 0.700812 0.111906 0.663174 0.557055 0.289952 0.356072 0.040145 0.490421 0.967817 0.537604 0.205621 0.340851 0.149306 0.318794 0.0509074 0.179474 0.169984 0.22017 0.561552 0.786058 0.685588 0.933123 0.139046 0.441798 0.457566 0.17725 0.755696 0.494865 0.668376 0.0897186 0.583561 0.379188 0.191625 0.256735 0.926243 0.471577 0.602807 0.956388 0.951998 0.580624 0.503992 0.167619 0.911475 0.643298 0.476413 0.952382 0.812773 0.636397 0.182552 0.384325 0.432454 0.85814 0.327448 0.5615 0.309938 0.775014 0.72875 0.0756346 0.279879 0.407126 0.155353 0.85344 0.776314 0.336978 0.120175 0.712557 0.798555 0.712982 0.678945 0.760553 0.303606 0.192937 0.918172 0.225081 0.826235 
0.717017 0.35603 0.878892 0.707266 0.299682 0.881339 0.429567 0.0859429 0.497725 0.166461 0.834006 0.933609 0.780769 0.145539 0.381571 0 0.404585 0.187463 0.649008 0.0509817 0.360015 0.0433331 0.473436 0.228156 0.360781 0.0449363 0.528094 0.145795 0.763686 0.593729 0.415675 0.180812 0.739082 0.279115 0.947125 0.08606 0.389291 0.669682 0.874615 0.112273 0.358627 0.645168 0.405879 0.541563 0.57334 0.62096 0.377798 0.967925 0.798423 0.0368063 0.0289064 0.168439 0.0701395 0.492342 0.386594 0.420921 0.527279 0.904689 0.556716 0.300965 0.508417 0.962391 0.471777 0.257499 0.251506 0.428902 0.333559 0.630797 0.108584 0.218174 0.73307 0.457211 0.853342 0.148949 0.988774 0.436681 0.759909 0.376573 0.414606 0.568333 0.403379 0.433512 0.726771 0.463519 0.915855 0.123366 0.874439 0.453134 0.038054 0.441156 0.744099 0.536471 0.413547 0.225875 0.783971 0.655053 0.644777 0.12753 0.29585 0.743361 
0.227043 0.905663 0.750958 0.50534 0.122938 0.143709 0.83174 0.447458 0.698445 0.539845 0.73206 0.0489913 0.408684 0.148554 0.342988 0.404585 0 0.335704 0.0389194 0.210572 0.199045 0.177868 0.209346 0.625726 0.927777 0.575919 0.0503323 0.50611 0.969298 0.473845 0.242881 0.442817 0.399699 0.356247 0.327256 0.842833 0.384301 0.758412 0.596932 0.910772 0.181959 0.812807 0.704743 0.827012 0.467584 0.822272 0.132861 0.220945 0.167976 0.161781 0.421517 0.357021 0.329649 0.620864 0.972748 0.267427 0.206783 0.0330798 0.763537 0.186081 0.496924 0.0164177 0.618897 0.886624 0.362664 0.936154 0.739457 0.736965 0.704566 0.346389 0.657737 0.876524 0.169195 0.37248 0.713536 0.626779 0.204752 0.836397 0.837724 0.362728 0.988178 0.269242 0.709749 0.327827 0.880105 0.692496 0.585254 0.0968878 0.715576 0.358791 0.272969 0.222501 0.365208 0.881866 0.119125 0.717873 0.82802 0.848582 0.464838 0.542585 
0.581157 0.0573527 0.214854 0.363478 0.0136257 0.339685 0.952733 0.321518 0.595296 0.923636 0.935634 0.854176 0.695489 0.969058 0.74621 0.187463 0.335704 0 0.20497 0.132575 0.429109 0.364165 0.495054 0.152645 0.980945 0.689806 0.979043 0.828669 0.0625337 0.977221 0.107911 0.762282 0.315048 0.978016 0.464779 0.890302 0.0849034 0.190355 0.259093 0.347872 0.402856 0.614301 0.239738 0.51198 0.342174 0.0777575 0.370562 0.797011 0.610343 0.565532 0.919586 0.049452 0.919698 0.42464 0.192097 0.910642 0.124446 0.18114 0.749311 0.17698 0.168361 0.847222 0.929262 0.473409 0.835237 0.404041 0.373712 0.910141 0.584396 0.622805 0.268013 0.977252 0.247106 0.497751 0.499232 0.579279 0.565508 0.859794 0.386291 0.185851 0.435326 0.315876 0.225303 0.365024 0.730516 0.4074 0.285666 0.844962 0.57854 0.0449771 0.0319417 0.736901 0.882199 0.951204 0.220311 0.727436 0.365245 0.584022 0.647577 0.939641 
0.30297 0.460664 0.376701 0.805406 0.125758 0.907562 0.732558 0.162535 0.684209 0.746706 0.682188 0.784078 0.899481 0.355324 0.514443 0.649008 0.0389194 0.20497 0 0.216827 0.90559 0.926892 0.453933 0.41334 0.436124 0.0432124 0.968848 0.305918 0.419503 0.164699 0.731244 0.725379 0.380001 0.106268 0.465896 0.777401 0.381934 0.320858 0.365941 0.416911 0.342799 0.112843 0.30911 0.304003 0.323153 0.0465458 0.659248 0.897175 0.684123 0.608888 0.124002 0.599712 0.54578 0.567935 0.0230527 0.971904 0.601148 0.981901 0.287822 0.0306507 0.1566 0.0290662 0.74603 0.526601 0.125334 0.221926 0.314003 0.497267 0.532784 0.669944 0.904178 0.865583 0.772787 0.223287 0.179586 0.10594 0.259833 0.828834 0.0131151 0.933956 0.447722 0.127118 0.543668 0.983503 0.685053 0.556721 0.965407 0.296201 0.548622 0.26323 0.316851 0.695222 0.282296 0.0728816 0.231823 0.39763 0.284807 0.535826 0.884897 0.807591 
0.691393 0.244549 0.598382 0.321263 0.223199 0.128104 0.838556 0.313485 0.91019 0.95899 0.846418 0.333906 0.256965 0.984543 0.0482038 0.0509817 0.210572 0.132575 0.216827 0 0.21577 0.799075 0.683174 0.978557 0.0323625 0.85276 0.0944963 0.282196 0.691594 0.0976114 0.226152 0.149317 0.214729 0.75982 0.14282 0.889782 0.326541 0.118227 0.195983 0.865163 0.371457 0.502834 0.570385 0.643753 0.565716 0.792209 0.0513822 0.840523 0.338034 0.926279 0.658114 0.543804 0.735354 0.351288 0.532361 0.757717 0.214048 0.616857 0.0499124 0.895643 0.704468 0.266064 0.0549597 0.909197 0.0358844 0.187779 0.808979 0.352426 0.296006 0.0149622 0.227589 0.657463 0.507796 0.787975 0.311216 0.0835123 0.590183 0.352598 0.914036 0.918217 0.288877 0.58215 0.472022 0.0342312 0.923438 0.0143824 0.781948 0.147486 0.621239 0.82186 0.0531293 0.335708 0.0979244 0.098089 0.254905 0.123809 0.275868 0.0738847 0.466235 0.561875 
0.417506 0.816801 0.50866 0.797328 0.080932 0.628232 0.0804348 0.779409 0.768461 0.0506199 0.194963 0.889589 0.107403 0.899792 0.323898 0.360015 0.199045 0.429109 0.90559 0.21577 0 0.0788469 0.683824 0.229338 0.576643 0.481799 0.530553 0.650156 0.0819818 0.873151 0.574191 0.0101993 0.172028 0.166341 0.472221 0.196259 0.0997789 0.476603 0.968207 0.237265 0.107843 0.800067 0.280395 0.433551 0.887992 0.368484 0.678456 0.0218005 0.634352 0.74234 0.478035 0.206227 0.811187 0.171859 0.425565 0.397831 0.643658 0.946118 0.0579863 0.71564 0.829269 0.622178 0.715839 0.0112969 0.778519 0.19806 0.197556 0.868297 0.664663 0.175763 0.115563 0.762506 0.96583 0.385958 0.206057 0.863822 0.744441 0.874512 0.875622 0.388793 0.626853 0.363657 0.58502 0.44804 0.525517 0.0205848 0.835871 0.179174 0.956703 0.883857 0.884814 0.795972 0.516035 0.610653 0.797269 0.304553 0.798712 0.984825 0.182851 0.473376 
0.091043 0.369642 0.639671 0.821149 0.226217 0.959588 0.812926 0.558576 0.292081 0.482112 0.432982 0.887342 0.0926438 0.612402 0.0472997 0.0433331 0.177868 0.364165 0.926892 0.799075 0.0788469 0 0.170588 0.288414 0.245882 0.146418 0.664371 0.441938 0.0202398 0.418813 0.326451 0.885862 0.797606 0.943303 0.25952 0.392626 0.401344 0.775036 0.403211 0.247214 0.94421 0.369914 0.141072 0.839024 0.175885 0.647106 0.459677 0.963154 0.94166 0.268389 0.957978 0.13451 0.731765 0.138566 0.412924 0.967647 0.274984 0.0872953 0.419585 0.285224 0.496108 0.736035 0.181086 0.303714 0.689339 0.430606 0.68634 0.100682 0.215642 0.0995507 0.337897 0.169852 0.459464 0.468968 0.0188765 0.62535 0.126075 0.468553 0.598503 0.0777345 0.726943 0.566482 0.202245 0.468708 0.695048 0.605169 0.446355 0.960031 0.682464 0.85594 0.255255 0.188572 0.601975 0.426341 0.482286 0.301314 0.846947 0.178626 0.391996 0.0725884 
0.164139 0.0561153 0.081752 0.291596 0.427695 0.239372 0.242619 0.718043 0.530997 0.266016 0.839009 0.620469 0.808393 0.585339 0.501126 0.473436 0.209346 0.495054 0.453933 0.683174 0.683824 0.170588 0 0.268177 0.719893 0.232441 0.717641 0.198862 0.241317 0.35299 0.314937 0.69987 0.941494 0.382671 0.436813 0.517975 0.574916 0.895521 0.223023 0.190085 0.351876 0.193054 0.862549 0.217816 0.438309 0.0611217 0.809791 0.85465 0.533408 0.121105 0.711597 0.702033 0.503101 0.774185 0.96021 0.232994 0.016626 0.687851 0.421856 0.247943 0.0508413 0.726793 0.937813 0.982335 0.119464 0.384627 0.51031 0.68438 0.290148 0.723333 0.864465 0.632024 0.906387 0.737014 0.83984 0.354697 0.788136 0.65963 0.219347 0.331544 0.770735 0.920944 0.0435772 0.283836 0.705129 0.0137872 0.506831 0.711755 0.691638 0.918687 0.949698 0.732479 0.655479 0.897512 0.724814 0.764943 0.292139 0.245125 0.459322 0.572287 
0.199132 0.51199 0.0901095 0.418832 0.241342 0.413292 0.789559 0.501802 0.179674 0.371028 0.344933 0.0139122 0.710704 0.960292 0.324022 0.228156 0.625726 0.152645 0.41334 0.978557 0.229338 0.288414 0.268177 0 0.958458 0.333787 0.21431 0.874845 0.0808015 0.06415 0.239542 0.858938 0.71378 0.448889 0.200481 0.494515 0.379833 0.234058 0.768351 0.0949622 0.237846 0.285182 0.796718 0.919484 0.213869 0.756416 0.661963 0.859348 0.663928 0.396778 0.63429 0.946067 0.631902 0.103613 0.528353 0.60036 0.4274 0.732664 0.485205 0.498202 0.786814 0.714746 0.367139 0.510594 0.173635 0.55762 0.0151093 0.543468 0.781679 0.773461 0.62843 0.0295244 0.0686428 0.435147 0.939008 0.272511 0.201563 0.610971 0.141859 0.855491 0.0177489 0.766149 0.811558 0.639651 0.859762 0.349911 0.250011 0.297162 0.0925749 0.725216 0.785364 0.869389 0.449962 0.162503 0.389983 0.613597 0.710124 0.395092 0.167065 0.501802 
0.650561 0.852656 0.228893 0.123953 0.820215 0.464393 0.145065 0.0936234 0.029385 0.63476 0.127008 0.119819 0.114335 0.622262 0.0986958 0.360781 0.927777 0.980945 0.436124 0.0323625 0.576643 0.245882 0.719893 0.958458 0 0.178553 0.785494 0.521327 0.237195 0.230642 0.470335 0.499707 0.422205 0.0913063 0.631566 0.287697 0.0990552 0.407715 0.109255 0.728706 0.277478 0.449166 0.968717 0.56464 0.531741 0.703933 0.360004 0.41113 0.163895 0.512508 0.791112 0.767492 0.232631 0.196204 0.924557 0.724434 0.364757 0.720052 0.255761 0.591952 0.940693 0.716096 0.101659 0.372899 0.797402 0.723224 0.650596 0.886457 0.14094 0.74985 0.625163 0.408417 0.209016 0.603881 0.963057 0.730757 0.317814 0.333062 0.151887 0.471709 0.835569 0.932999 0.249201 0.0782003 0.139203 0.183758 0.792634 0.49396 0.89381 0.0583945 0.0959116 0.844503 0.76449 0.18757 0.227402 0.571892 0.900795 0.867998 0.468349 0.0517345 
0.641825 0.400746 0.456504 0.659928 0.416975 0.241282 0.255214 0.816196 0.052666 0.941918 0.201946 0.113643 0.426873 0.820425 0.700812 0.0449363 0.575919 0.689806 0.0432124 0.85276 0.481799 0.146418 0.232441 0.333787 0.178553 0 0.627848 0.103512 0.450152 0.826864 0.697392 0.423209 0.567622 0.0252061 0.746271 0.709508 0.486915 0.59184 0.652507 0.726116 0.66004 0.78171 0.899875 0.462674 0.28567 0.803685 0.511068 0.371581 0.658188 0.285558 0.549152 0.87559 0.84745 0.459946 0.753588 0.325799 0.501681 0.391436 0.419311 0.941833 0.228301 0.126703 0.375042 0.785922 0.141909 0.131313 0.505431 0.618824 0.713152 0.167938 0.354941 0.383192 0.939648 0.264816 0.835866 0.235318 0.0785003 0.356935 0.596899 0.726688 0.632493 0.156051 0.612279 0.489944 0.605997 0.375867 0.805742 0.117678 0.757303 0.235053 0.0695107 0.975604 0.351757 0.434553 0.771527 0.483666 0.555865 0.286957 0.112491 0.279018 
0.620219 0.366262 0.813161 0.229156 0.75377 0.688935 0.81904 0.713909 0.872557 0.094535 0.66156 0.610128 0.444981 0.417521 0.111906 0.528094 0.0503323 0.979043 0.968848 0.0944963 0.530553 0.664371 0.717641 0.21431 0.785494 0.627848 0 0.444895 0.457431 0.65221 0.394543 0.712247 0.498076 0.619861 0.780747 0.845011 0.22676 0.517436 0.487505 0.372811 0.139715 0.967448 0.968808 0.505582 0.783191 0.0964861 0.272885 0.028244 0.155997 0.258489 0.370001 0.580549 0.0400158 0.843667 0.146415 0.316973 0.946157 0.415432 0.751868 0.413589 0.0776421 0.156412 0.135836 0.565719 0.766273 0.906583 0.42073 0.983033 0.434019 0.898235 0.365845 0.563733 0.875683 0.344653 0.079315 0.668874 0.431139 0.3422 0.687118 0.577136 0.590689 0.0671183 0.167685 0.620705 0.900785 0.304099 0.927678 0.856942 0.709531 0.689546 0.280531 0.777174 0.835958 0.406367 0.352892 0.612231 0.32295 0.763622 0.605265 0.746968 
0.117875 0.27578 0.359458 0.670549 0.0240702 0.292012 0.970986 0.556718 0.702316 0.244036 0.125293 0.290517 0.861897 0.482307 0.663174 0.145795 0.50611 0.828669 0.305918 0.282196 0.650156 0.441938 0.198862 0.874845 0.521327 0.103512 0.444895 0 0.671857 0.961109 0.320702 0.55754 0.315762 0.390017 0.236414 0.736901 0.722217 0.913531 0.324036 0.322906 0.97065 0.481721 0.933611 0.881435 0.77582 0.871289 0.748377 0.495352 0.570836 0.0389078 0.282525 0.416794 0.435274 0.625418 0.0390252 0.748224 0.39904 0.63429 0.505192 0.0808965 0.605399 0.815894 0.628436 0.911161 0.215911 0.85485 0.658062 0.928127 0.778381 0.972098 0.261033 0.759031 0.463819 0.204644 0.650465 0.24964 0.0859336 0.408842 0.734992 0.646769 0.43775 0.0275171 0.073563 0.863024 0.642935 0.102588 0.621248 0.0519744 0.726878 0.136441 0.122871 0.342278 0.942335 0.741307 0.263439 0.168245 0.606157 0.911501 0.106373 0.394538 
0.714169 0.531091 0.253588 0.268913 0.880036 0.519076 0.405415 0.58893 0.179108 0.0893633 0.53999 0.128362 0.702876 0.792444 0.557055 0.763686 0.969298 0.0625337 0.419503 0.691594 0.0819818 0.0202398 0.241317 0.0808015 0.237195 0.450152 0.457431 0.671857 0 0.893599 0.357406 0.163569 0.367419 0.552051 0.804034 0.607059 0.627984 0.222876 0.35205 0.284753 0.650626 0.369567 0.348316 0.52365 0.0225021 0.440905 0.154898 0.0644764 0.177783 0.281339 0.177347 0.51006 0.233673 0.908654 0.763499 0.391919 0.524811 0.685 0.488291 0.90935 0.588599 0.835698 0.0829183 0.946018 0.397748 0.876952 0.563077 0.0357325 0.109828 0.905127 0.310486 0.750454 0.284694 0.648802 0.284104 0.297196 0.0997068 0.429002 0.351673 0.26749 0.700341 0.51902 0.76755 0.924014 0.437674 0.541049 0.325933 0.952486 0.236049 0.804224 0.871835 0.814648 0.649922 0.944754 0.770666 0.0576701 0.831706 0.343743 0.0834026 0.931534 
0.779692 0.285437 0.0311684 0.0863176 0.39524 0.529672 0.68855 0.831147 0.45383 0.0836971 0.11676 0.835244 0.294146 0.0698741 0.289952 0.593729 0.473845 0.977221 0.164699 0.0976114 0.873151 0.418813 0.35299 0.06415 0.230642 0.826864 0.65221 0.961109 0.893599 0 0.25887 0.383889 0.691988 0.533564 0.0426909 0.966091 0.82076 0.132398 0.405093 0.182432 0.389887 0.115434 0.691452 0.167437 0.0494478 0.139127 0.698486 0.365381 0.101612 0.924535 0.179605 0.963448 0.749183 0.819527 0.918201 0.529849 0.867197 0.759907 0.863592 0.940599 0.701441 0.132462 0.334488 0.403429 0.656025 0.367179 0.37952 0.486785 0.489576 0.774613 0.659217 0.869464 0.880047 0.36067 0.0469006 0.919495 0.489796 0.735386 0.294875 0.581409 0.669921 0.46448 0.554857 0.429104 0.294006 0.483058 0.948953 0.171203 0.252965 0.822545 0.121802 0.944406 0.945007 0.44629 0.357835 0.611032 0.803469 0.727355 0.107817 0.303045 
0.0703842 0.883959 0.986732 0.698996 0.0645124 0.989401 0.35009 0.666411 0.929805 0.982255 0.512373 0.611383 0.485148 0.893241 0.356072 0.415675 0.242881 0.107911 0.731244 0.226152 0.574191 0.326451 0.314937 0.239542 0.470335 0.697392 0.394543 0.320702 0.357406 0.25887 0 0.511968 0.757035 0.182509 0.402015 0.127704 0.219409 0.331509 0.607501 0.944796 0.616384 0.198909 0.624717 0.0908642 0.743766 0.0638207 0.374871 0.236824 0.022774 0.536073 0.47979 0.835319 0.647876 0.434196 0.790326 0.104165 0.782031 0.411358 0.897634 0.519386 0.509175 0.210679 0.0413541 0.27621 0.383188 0.433369 0.393914 0.592597 0.754878 0.0114146 0.547392 0.381263 0.200324 0.182109 0.462127 0.93409 0.23593 0.826997 0.180914 0.248704 0.373071 0.650704 0.094023 0.0309463 0.0949 0.874349 0.125112 0.866931 0.295707 0.0327458 0.396317 0.794883 0.233425 0.427671 0.0810924 0.606613 0.85104 0.465006 0.209209 0.615919 
0.253341 0.245089 0.812656 0.747025 0.556956 0.350304 0.0535268 0.376335 0.751468 0.817459 0.127176 0.336185 0.760045 0.605732 0.040145 0.180812 0.442817 0.762282 0.725379 0.149317 0.0101993 0.885862 0.69987 0.858938 0.499707 0.423209 0.712247 0.55754 0.163569 0.383889 0.511968 0 0.466421 0.746602 0.987181 0.656745 0.918711 0.459308 0.600835 0.164641 0.296305 0.77175 0.403344 0.659376 0.432453 0.487367 0.680322 0.517353 0.371716 0.795434 0.394285 0.657424 0.81818 0.780602 0.462306 0.061605 0.218273 0.533399 0.658218 0.0793135 0.988405 0.857427 0.685232 0.464826 0.614029 0.682413 0.131571 0.54274 0.151721 0.722407 0.697381 0.438026 0.504156 0.110725 0.107403 0.92661 0.588092 0.777725 0.453963 0.949809 0.583159 0.838247 0.617232 0.411339 0.628849 0.0895387 0.462944 0.837122 0.612937 0.131162 0.906436 0.611343 0.978589 0.601668 0.0861688 0.602618 0.294081 0.20774 0.155358 0.435802 
0.336073 0.500949 0.848015 0.27673 0.267553 0.427869 0.815958 0.897041 0.559903 0.782345 0.749898 0.804554 0.858326 0.334223 0.490421 0.739082 0.399699 0.315048 0.380001 0.214729 0.172028 0.797606 0.941494 0.71378 0.422205 0.567622 0.498076 0.315762 0.367419 0.691988 0.757035 0.466421 0 0.920147 0.842738 0.863828 0.434303 0.943463 0.961231 0.370913 0.541555 0.748956 0.814875 0.501364 0.342115 0.663123 0.128596 0.743454 0.301972 0.208135 0.216399 0.149095 0.811072 0.33756 0.0655305 0.432415 0.326149 0.657198 0.508584 0.918767 0.941279 0.706324 0.0841246 0.387081 0.636471 0.916863 0.26091 0.0807736 0.870326 0.232141 0.441686 0.421881 0.971097 0.266562 0.913245 0.323212 0.919685 0.0518415 0.0766665 0.231657 0.249976 0.283065 0.370751 0.0710487 0.610626 0.426282 0.493464 0.926775 0.0934801 0.0120473 0.855542 0.0447593 0.708371 0.929666 0.42184 0.354842 0.856529 0.67275 0.425615 0.736855 
0.24265 0.303355 0.208058 0.71008 0.502365 0.615887 0.848265 0.248658 0.0981858 0.829224 0.381944 0.632407 0.244607 0.330046 0.967817 0.279115 0.356247 0.978016 0.106268 0.75982 0.166341 0.943303 0.382671 0.448889 0.0913063 0.0252061 0.619861 0.390017 0.552051 0.533564 0.182509 0.746602 0.920147 0 0.894891 0.857302 0.168736 0.875988 0.133863 0.0919816 0.2092 0.0635476 0.133823 0.275866 0.285204 0.373799 0.548931 0.645956 0.434848 0.169557 0.0822375 0.918312 0.106332 0.165718 0.920359 0.951873 0.200477 0.63873 0.89154 0.612317 0.983572 0.758069 0.295067 0.419187 0.504924 0.199958 0.286489 0.66366 0.0859461 0.410352 0.745642 0.285146 0.4639 0.869465 0.551012 0.739104 0.253264 0.109943 0.39506 0.678112 0.2695 0.467297 0.606424 0.365832 0.623015 0.536783 0.327705 0.813492 0.185513 0.229245 0.435809 0.179085 0.977314 0.720877 0.588273 0.492238 0.910835 0.864762 0.165898 0.986781 
0.895822 0.945367 0.658471 0.131801 0.0293265 0.476863 0.646413 0.036677 0.696789 0.927673 0.91576 0.843872 0.716741 0.132184 0.537604 0.947125 0.327256 0.464779 0.465896 0.14282 0.472221 0.25952 0.436813 0.200481 0.631566 0.746271 0.780747 0.236414 0.804034 0.0426909 0.402015 0.987181 0.842738 0.894891 0 0.285114 0.90154 0.281927 0.739014 0.781005 0.822939 0.488118 0.0442693 0.922882 0.873178 0.712382 0.202382 0.350475 0.328806 0.558214 0.96349 0.855589 0.875919 0.786982 0.0511021 0.115163 0.232791 0.220187 0.102477 0.943668 0.79846 0.584715 0.864503 0.673222 0.740613 0.861284 0.948336 0.652153 0.153211 0.69735 0.443158 0.96615 0.195468 0.477427 0.899032 0.0786453 0.199809 0.111414 0.419121 0.518615 0.659627 0.392611 0.384204 0.545546 0.189593 0.425306 0.650709 0.412384 0.635493 0.743186 0.366052 0.443953 0.337901 0.240555 0.127175 0.0885141 0.111839 0.0855112 0.730667 0.25505 
0.294945 0.369653 0.296415 0.550823 0.751895 0.743347 0.954611 0.568005 0.449434 0.780381 0.428432 0.0404298 0.0227671 0.923444 0.205621 0.08606 0.842833 0.890302 0.777401 0.889782 0.196259 0.392626 0.517975 0.494515 0.287697 0.709508 0.845011 0.736901 0.607059 0.966091 0.127704 0.656745 0.863828 0.857302 0.285114 0 0.772861 0.183825 0.2312 0.958328 0.651252 0.140232 0.0469736 0.841061 0.241646 0.456094 0.369676 0.891273 0.838705 0.743879 0.446819 0.0382979 0.179185 0.107528 0.440682 0.804678 0.840715 0.796734 0.258631 0.188616 0.0472896 0.375807 0.26713 0.149129 0.451318 0.987797 0.394179 0.234179 0.181622 0.61538 0.202507 0.822874 0.745612 0.239481 0.673935 0.977257 0.685575 0.0536102 0.87853 0.53428 0.787489 0.335349 0.562578 0.956674 0.432877 0.0132598 0.771352 0.283591 0.799994 0.0399837 0.462207 0.837284 0.40579 0.719337 0.976413 0.847108 0.717134 0.380592 0.0912866 0.888756 
0.787938 0.173882 0.510786 0.591589 0.36982 0.400097 0.895608 0.248073 0.194136 0.853126 0.506353 0.470765 0.741656 0.0568664 0.340851 0.389291 0.384301 0.0849034 0.381934 0.326541 0.0997789 0.401344 0.574916 0.379833 0.0990552 0.486915 0.22676 0.722217 0.627984 0.82076 0.219409 0.918711 0.434303 0.168736 0.90154 0.772861 0 0.985972 0.283794 0.72163 0.741583 0.513274 0.405564 0.72884 0.208849 0.449175 0.61737 0.733129 0.246664 0.942719 0.305706 0.213338 0.385596 0.308966 0.974691 0.659187 0.11896 0.0246744 0.131394 0.946244 0.420465 0.840732 0.932656 0.277573 0.567866 0.323249 0.358859 0.466622 0.31922 0.632653 0.198251 0.0708035 0.155927 0.593816 0.789644 0.354776 0.0529905 0.417014 0.0979045 0.289655 0.369733 0.393611 0.492993 0.745329 0.692577 0.477684 0.414516 0.801537 0.492358 0.53591 0.757781 0.902823 0.386642 0.700437 0.190396 0.944508 0.0336857 0.539255 0.42113 0.342906 
0.241432 0.0673435 0.987538 0.391186 0.258627 0.125647 0.33972 0.455564 0.573074 0.126795 0.784965 0.431322 0.899149 0.82695 0.149306 0.669682 0.758412 0.190355 0.320858 0.118227 0.476603 0.775036 0.895521 0.234058 0.407715 0.59184 0.517436 0.913531 0.222876 0.132398 0.331509 0.459308 0.943463 0.875988 0.281927 0.183825 0.985972 0 0.181908 0.609381 0.403709 0.327835 0.213197 0.203353 0.672611 0.256187 0.610367 0.760516 0.535842 0.9701 0.164126 0.038835 0.725429 0.846703 0.506519 0.149945 0.65824 0.988877 0.675855 0.426021 0.9017 0.0724974 0.136458 0.102095 0.0270053 0.160144 0.631351 0.438135 0.493049 0.803259 0.0575159 0.886759 0.141094 0.260713 0.100112 0.803705 0.5069 0.700479 0.57422 0.0527424 0.68058 0.728347 0.0815773 0.416009 0.58505 0.578096 0.555954 0.25329 0.576973 0.241809 0.66931 0.488673 0.304307 0.795768 0.580768 0.321312 0.945911 0.222119 0.749447 0.448961 
0.576163 0.494761 0.740428 0.0221928 0.216894 0.0806374 0.195147 0.173758 0.360497 0.517239 0.0700359 0.874816 0.542022 0.627583 0.318794 0.874615 0.596932 0.259093 0.365941 0.195983 0.968207 0.403211 0.223023 0.768351 0.109255 0.652507 0.487505 0.324036 0.35205 0.405093 0.607501 0.600835 0.961231 0.133863 0.739014 0.2312 0.283794 0.181908 0 0.0353774 0.796963 0.34572 0.166471 0.0676756 0.435832 0.960176 0.564576 0.146311 0.544396 0.607318 0.816891 0.282743 0.678896 0.2429 0.857792 0.266992 0.788854 0.121082 0.833965 0.0406628 0.780392 0.332637 0.334969 0.58616 0.903405 0.646281 0.542072 0.135524 0.405728 0.981033 0.160902 0.212691 0.336752 0.317373 0.270366 0.762584 0.287549 0.824942 0.898896 0.821945 0.442261 0.725787 0.114688 0.131156 0.958687 0.96248 0.388148 0.757541 0.0935624 0.232112 0.788203 0.863955 0.55475 0.133173 0.460115 0.468155 0.769454 0.0121863 0.593679 0.185182 
0.432627 0.962713 0.877787 0.971481 0.574533 0.0375144 0.519633 0.849801 0.683219 0.258099 0.675978 0.0522162 0.638701 0.92203 0.0509074 0.112273 0.910772 0.347872 0.416911 0.865163 0.237265 0.247214 0.190085 0.0949622 0.728706 0.726116 0.372811 0.322906 0.284753 0.182432 0.944796 0.164641 0.370913 0.0919816 0.781005 0.958328 0.72163 0.609381 0.0353774 0 0.983219 0.744581 0.387873 0.329971 0.0719539 0.648239 0.102556 0.349503 0.483182 0.0114516 0.181448 0.915442 0.727239 0.286136 0.0565982 0.695926 0.258616 0.434746 0.463466 0.342178 0.656858 0.261669 0.216133 0.221608 0.384842 0.666248 0.679763 0.164296 0.668434 0.283443 0.339478 0.661653 0.0380238 0.717351 0.981624 0.0999777 0.375591 0.0941798 0.43948 0.848772 0.0956314 0.610928 0.774214 0.81287 0.887064 0.820813 0.518796 0.15568 0.265559 0.972262 0.487858 0.912417 0.243931 0.693991 0.144025 0.618773 0.370239 0.813788 0.77307 0.0486727 
0.346855 0.537349 0.0179459 0.338627 0.685483 0.535665 0.639112 0.18263 0.544083 0.937898 0.577917 0.496966 0.181141 0.964635 0.179474 0.358627 0.181959 0.402856 0.342799 0.371457 0.107843 0.94421 0.351876 0.237846 0.277478 0.66004 0.139715 0.97065 0.650626 0.389887 0.616384 0.296305 0.541555 0.2092 0.822939 0.651252 0.741583 0.403709 0.796963 0.983219 0 0.107231 0.122548 0.700326 0.135255 0.829899 0.69195 0.225233 0.21549 0.776129 0.654713 0.0742625 0.861761 0.275641 0.838477 0.684631 0.172704 0.669289 0.213427 0.318384 0.924848 0.195688 0.796242 0.847265 0.429619 0.500233 0.98129 0.0583927 0.860472 0.805078 0.821462 0.899145 0.902309 0.93401 0.60947 0.047564 0.77391 0.31142 0.262797 0.9794 0.0975492 0.907509 0.0636625 0.94931 0.19315 0.892139 0.643941 0.355855 0.571429 0.847368 0.664239 0.506277 0.0530559 0.470481 0.363542 0.472675 0.960714 0.354831 0.521068 0.831186 
0.669913 0.226506 0.103597 0.917653 0.26901 0.841219 0.348784 0.343412 0.152892 0.343417 0.771504 0.864065 0.486522 0.15338 0.169984 0.645168 0.812807 0.614301 0.112843 0.502834 0.800067 0.369914 0.193054 0.285182 0.449166 0.78171 0.967448 0.481721 0.369567 0.115434 0.198909 0.77175 0.748956 0.0635476 0.488118 0.140232 0.513274 0.327835 0.34572 0.744581 0.107231 0 0.169909 0.35253 0.740331 0.0822186 0.296541 0.359801 0.119783 0.0804506 0.661221 0.372579 0.0698506 0.74877 0.290088 0.123513 0.70808 0.473239 0.0256526 0.362021 0.819093 0.587081 0.219389 0.493332 0.103358 0.262445 0.953813 0.4569 0.72512 0.924528 0.801731 0.256188 0.765714 0.96164 0.598718 0.516044 0.0538588 0.885259 0.865845 0.163641 0.955709 0.537066 0.52622 0.0355601 0.295836 0.806309 0.149073 0.0139156 0.289548 0.164726 0.365937 0.118641 0.741807 0.575325 0.601973 0.835165 0.82777 0.565787 0.302065 0.56289 
0.38542 0.414063 0.637959 0.430626 0.451478 0.532779 0.24312 0.432626 0.758065 0.697361 0.41806 0.151726 0.396508 0.978302 0.22017 0.405879 0.704743 0.239738 0.30911 0.570385 0.280395 0.141072 0.862549 0.796718 0.968717 0.899875 0.968808 0.933611 0.348316 0.691452 0.624717 0.403344 0.814875 0.133823 0.0442693 0.0469736 0.405564 0.213197 0.166471 0.387873 0.122548 0.169909 0 0.500314 0.113795 0.809078 0.276028 0.0854358 0.417796 0.782072 0.129295 0.313055 0.657917 0.282936 0.278764 0.204983 0.799156 0.304324 0.490818 0.615465 0.443398 0.494734 0.895013 0.598124 0.850671 0.0236537 0.349931 0.435996 0.615627 0.195096 0.273766 0.191414 0.487161 0.826656 0.681728 0.590956 0.645734 0.947755 0.666392 0.0735304 0.739827 0.785686 0.376585 0.407745 0.0786225 0.64535 0.602727 0.867779 0.939674 0.103546 0.493244 0.393072 0.58828 0.398257 0.981196 0.448951 0.411911 0.341126 0.874947 0.0375376 
0.613214 0.95287 0.783446 0.636461 0.0346406 0.988889 0.563478 0.430994 0.943227 0.955067 0.542716 0.120841 0.944039 0.296897 0.561552 0.541563 0.827012 0.51198 0.304003 0.643753 0.433551 0.839024 0.217816 0.919484 0.56464 0.462674 0.505582 0.881435 0.52365 0.167437 0.0908642 0.659376 0.501364 0.275866 0.922882 0.841061 0.72884 0.203353 0.0676756 0.329971 0.700326 0.35253 0.500314 0 0.526222 0.158713 0.218951 0.0233828 0.97537 0.890679 0.604339 0.631104 0.848434 0.280731 0.694634 0.598262 0.0764171 0.0812195 0.0160063 0.14504 0.716569 0.608734 0.0228185 0.666244 0.70228 0.506063 0.0693155 0.30056 0.89432 0.0605111 0.73951 0.31623 0.391637 0.624457 0.343768 0.90786 0.77317 0.552719 0.921242 0.75854 0.453398 0.535581 0.399644 0.311832 0.806312 0.104278 0.900094 0.872729 0.175497 0.9061 0.0277686 0.882067 0.524834 0.0405871 0.55831 0.237113 0.53665 0.617626 0.527673 0.440969 
