100
0 0.121564 0.102798 0.532686 0.179497 0.175969 0.0669014 0.894866 0.123606 0.700001 0.619431 0.44961 0.038977 0.906074 0.631892 0.926992 0.508122 0.924654 0.0786357 0.73516 0.627635 0.215789 0.880982 0.56843 0.553205 0.110195 0.368727 0.203719 0.930119 0.439482 0.749586 0.676652 0.551046 0.842384 0.219338 0.720543 0.0283524 0.276239 0.625409 0.141958 0.96624 0.254839 0.581568 0.0152167 0.170913 0.22346 0.932209 0.669035 0.158114 0.0208444 0.414195 0.775748 0.226633 0.305177 0.354178 0.769838 0.405372 0.712905 0.963557 0.34549 0.162387 0.723143 0.0321416 0.703433 0.575526 0.241479 0.433976 0.593879 0.507718 0.0693843 0.725837 0.483958 0.314224 0.317405 0.489175 0.475137 0.530865 0.431384 0.154172 0.678979 0.442228 0.558367 0.464727 0.658861 0.853544 0.808905 0.4387 0.268915 0.53181 0.412256 0.604405 0.684197 0.145399 0.626547 0.39763 0.710925 0.858026 0.821606 0.314804 0.375744 
0.121564 0 0.88099 0.0506412 0.849703 0.205214 0.358046 0.348877 0.67035 0.878911 0.770261 0.814522 0.56789 0.222489 0.382889 0.042617 0.87135 0.246432 0.841522 0.32005 0.505347 0.383332 0.722306 0.119753 0.0775295 0.857705 0.736299 0.46516 0.57863 0.604325 0.296766 0.883435 0.97007 0.187756 0.924076 0.829772 0.38297 0.292122 0.18865 0.06332 0.181034 0.948911 0.867842 0.738924 0.1814 0.260731 0.771541 0.0627496 0.497163 0.623063 0.372799 0.0125105 0.0163948 0.105105 0.122263 0.0839244 0.952811 0.848563 0.539084 0.541441 0.462888 0.82585 0.434875 0.442958 0.023606 0.368951 0.28273 0.396576 0.651073 0.46138 0.449896 0.822107 0.420291 0.327738 0.571031 0.59169 0.578468 0.352571 0.64444 0.0856312 0.965634 0.0272391 0.0881417 0.972029 0.122345 0.200405 0.0659533 0.0851551 0.0589674 0.595038 0.616596 0.511855 0.430888 0.0614715 0.944813 0.444494 0.420423 0.237544 0.831069 0.0814962 
0.102798 0.88099 0 0.688923 0.290965 0.893603 0.119214 0.608702 0.474634 0.700904 0.197171 0.817206 0.355344 0.272802 0.79284 0.372583 0.350944 0.774869 0.484928 0.541348 0.830822 0.560083 0.590316 0.43586 0.186679 0.112171 0.856747 0.23815 0.0669846 0.311241 0.648573 0.294528 0.15231 0.720069 0.973452 0.433275 0.623673 0.102666 0.051977 0.108307 0.79357 0.239148 0.915512 0.158914 0.501949 0.718352 0.521497 0.842893 0.503221 0.016425 0.394241 0.344043 0.566508 0.974557 0.769902 0.743187 0.0967286 0.636649 0.971337 0.153713 0.93789 0.62991 0.438241 0.1002 0.359979 0.421693 0.523474 0.973652 0.514359 0.565451 0.0919583 0.317929 0.794599 0.0174707 0.466843 0.306548 0.725823 0.97834 0.159441 0.239044 0.984765 0.543683 0.573087 0.561273 0.52824 0.352989 0.314459 0.614969 0.979639 0.295796 0.758682 0.927529 0.915706 0.206923 0.0377286 0.285685 0.618616 0.551203 0.269337 0.142975 
0.532686 0.0506412 0.688923 0 0.126654 0.351295 0.450903 0.911253 0.358766 0.907746 0.227802 0.0945887 0.896086 0.377243 0.323633 0.890851 0.910926 0.886719 0.462123 0.449166 0.249708 0.766583 0.0741349 0.239347 0.0723787 0.822817 0.176876 0.978085 0.0397403 0.204604 0.27377 0.648357 0.745807 0.533106 0.781331 0.862462 0.874401 0.242235 0.783715 0.243167 0.159981 0.0215163 0.327756 0.0660667 0.388759 0.641388 0.946917 0.309685 0.538108 0.419041 0.748851 0.777816 0.195623 0.812986 0.0271632 0.258002 0.645803 0.194039 0.246087 0.675543 0.388644 0.509856 0.3339 0.144451 0.0529627 0.125231 0.0169126 0.917364 0.357466 0.790627 0.170531 0.507447 0.802144 0.488287 0.563514 0.200903 0.139675 0.520431 0.500588 0.667783 0.929472 0.259439 0.455599 0.135095 0.0824255 0.472762 0.383097 0.718229 0.656801 0.619183 0.403772 0.0554445 0.139039 0.727672 0.189895 0.182002 0.842903 0.196808 0.109366 0.210369 
0.179497 0.849703 0.290965 0.126654 0 0.977435 0.269897 0.707816 0.789579 0.748184 0.28133 0.980482 0.877859 0.791761 0.49107 0.555642 0.731232 0.74051 0.0212405 0.856327 0.812935 0.484002 0.249424 0.541164 0.150803 0.858607 0.934936 0.196248 0.987646 0.672607 0.376143 0.179648 0.52551 0.562951 0.279015 0.72588 0.550387 0.538912 0.443696 0.349966 0.297096 0.715025 0.340448 0.184955 0.516786 0.821519 0.730597 0.258018 0.572029 0.741838 0.124346 0.394964 0.23584 0.36377 0.926128 0.376643 0.232377 0.871064 0.562891 0.230023 0.553671 0.929034 0.399671 0.0891815 0.501986 0.668686 0.805061 0.0623723 0.217598 0.258757 0.402338 0.504694 0.963782 0.732787 0.679649 0.490568 0.564305 0.420246 0.738587 0.146334 0.172083 0.852932 0.531298 0.397923 0.226702 0.467425 0.764566 0.449078 0.348489 0.337457 0.669101 0.89216 0.276492 0.0787726 0.971341 0.768477 0.737459 0.786403 0.82085 0.945056 
0.175969 0.205214 0.893603 0.351295 0.977435 0 0.0551592 0.233188 0.45975 0.0289413 0.955974 0.149399 0.509509 0.53028 0.559645 0.258096 0.666613 0.721728 0.121028 0.207911 0.129651 0.33773 0.665337 0.884218 0.776808 0.0238256 0.231675 0.455909 0.905986 0.498167 0.524682 0.887327 0.276644 0.27214 0.68373 0.107493 0.227197 0.728889 0.330681 0.676947 0.74783 0.296655 0.816345 0.267339 0.816935 0.38599 0.515435 0.493549 0.117718 0.626464 0.69146 0.237369 0.954193 0.366796 0.131587 0.741001 0.380622 0.353262 0.206911 0.296607 0.841428 0.721592 0.193934 0.128072 0.983733 0.867664 0.225565 0.220929 0.606553 0.546246 0.887876 0.364383 0.832902 0.714221 0.621722 0.659837 0.110211 0.147158 0.163385 0.217929 0.763621 0.844845 0.445299 0.727815 0.221641 0.566885 0.478816 0.592263 0.910147 0.675726 0.87887 0.761575 0.407319 0.0828044 0.879647 0.401051 0.940468 0.115212 0.61198 0.557021 
0.0669014 0.358046 0.119214 0.450903 0.269897 0.0551592 0 0.651458 0.509856 0.911404 0.49436 0.234078 0.543126 0.164196 0.334289 0.680284 0.317581 0.542219 0.453905 0.172426 0.977517 0.19172 0.384067 0.554403 0.660536 0.96633 0.47455 0.346262 0.8552 0.246125 0.743581 0.928004 0.135772 0.154632 0.878472 0.240984 0.756613 0.445494 0.882442 0.276469 0.366898 0.386802 0.500547 0.900024 0.540998 0.824836 0.590308 0.848579 0.377054 0.0542129 0.0310055 0.364572 0.235933 0.405073 0.908974 0.886468 0.381402 0.393524 0.24273 0.246602 0.629648 0.976311 0.184606 0.75542 0.140943 0.0730786 0.986404 0.887556 0.508572 0.878846 0.174025 0.86547 0.275647 0.664571 0.775494 0.806645 0.499407 0.375801 0.665225 0.866461 0.420014 0.68623 0.241033 0.645947 0.101303 0.160007 0.542415 0.472705 0.54353 0.775145 0.709307 0.183179 0.761457 0.883913 0.928599 0.8924 0.946992 0.925002 0.789955 0.465564 
0.894866 0.348877 0.608702 0.911253 0.707816 0.233188 0.651458 0 0.813848 0.95398 0.341034 0.0994955 0.628551 0.126527 0.896141 0.137958 0.492328 0.571366 0.0144189 0.902343 0.267596 0.245452 0.558289 0.358899 0.395458 0.110705 0.821604 0.928988 0.87585 0.540911 0.122167 0.647307 0.434824 0.0607655 0.549706 0.391816 0.975768 0.349662 0.847379 0.799616 0.313641 0.198413 0.889111 0.932192 0.31494 0.795252 0.0801503 0.797268 0.376618 0.0845691 0.709611 0.634214 0.320021 0.2779 0.983112 0.705479 0.378605 0.814716 0.644467 0.264455 0.365627 0.756634 0.901762 0.790451 0.8074 0.461468 0.192266 0.793168 0.80113 0.0496459 0.602784 0.124771 0.238059 0.501895 0.0669635 0.542999 0.307147 0.137114 0.350267 0.673765 0.211683 0.0698779 0.317979 0.521704 0.337778 0.311091 0.237182 0.706383 0.135807 0.87165 0.960838 0.491434 0.638284 0.8726 0.291885 0.455684 0.344068 0.474152 0.258851 0.155197 
0.123606 0.67035 0.474634 0.358766 0.789579 0.45975 0.509856 0.813848 0 0.513797 0.851635 0.269968 0.741856 0.36353 0.326932 0.294855 0.660677 0.454045 0.635122 0.344442 0.655728 0.695 0.652421 0.187432 0.0427784 0.953512 0.414614 0.739161 0.0993195 0.296264 0.71 0.580754 0.924548 0.592599 0.862639 0.390232 0.926667 0.346791 0.639083 0.091864 0.850588 0.500718 0.351832 0.602444 0.854248 0.668764 0.8873 0.524925 0.132809 0.532422 0.859367 0.778538 0.237422 0.521788 0.95597 0.2702 0.4853 0.380584 0.0193618 0.57462 0.666848 0.719361 0.165374 0.601396 0.321961 0.0380129 0.981628 0.258628 0.374804 0.630711 0.340492 0.235392 0.141429 0.682324 0.827836 0.985677 0.361088 0.725136 0.520602 0.483897 0.267557 0.389969 0.272435 0.494979 0.901758 0.238404 0.75518 0.397058 0.608989 0.764541 0.961678 0.285837 0.493903 0.137052 0.877233 0.805864 0.165065 0.868861 0.0744911 0.529868 
0.700001 0.878911 0.700904 0.907746 0.748184 0.0289413 0.911404 0.95398 0.513797 0 0.509572 0.404983 0.75526 0.641001 0.0973064 0.593096 0.636678 0.448394 0.328232 0.16728 0.922291 0.585789 0.547249 0.204726 0.0907687 0.459007 0.43313 0.835948 0.846065 0.0521188 0.61049 0.817743 0.327956 0.114393 0.944796 0.215188 0.910256 0.119861 0.094049 0.974747 0.639729 0.593621 0.38973 0.404989 0.244621 0.477036 0.988085 0.871299 0.91543 0.326317 0.0485788 0.847721 0.902107 0.585828 0.0624473 0.982875 0.0548351 0.485578 0.828824 0.8909 0.527696 0.449314 0.718644 0.845652 0.553706 0.673439 0.0708403 0.473963 0.7833 0.154889 0.45871 0.433029 0.73851 0.83844 0.828018 0.973131 0.325476 0.826104 0.85443 0.250907 0.162421 0.893009 0.108628 0.0745275 0.488837 0.161076 0.0674028 0.533672 0.636653 0.886226 0.434572 0.17435 0.34554 0.163216 0.0300014 0.889246 0.826655 0.0908417 0.373209 0.619955 
0.619431 0.770261 0.197171 0.227802 0.28133 0.955974 0.49436 0.341034 0.851635 0.509572 0 0.235731 0.821919 0.0629844 0.964241 0.670359 0.881003 0.947372 0.985835 0.717106 0.811802 0.246742 0.869527 0.714811 0.34537 0.934055 0.213648 0.496446 0.0114575 0.73732 0.143099 0.887684 0.181892 0.307448 0.243224 0.335108 0.32745 0.14247 0.171764 0.408291 0.505679 0.781719 0.634022 0.337598 0.834704 0.608263 0.0179565 0.725706 0.565635 0.0137915 0.452813 0.387437 0.250533 0.33234 0.112248 0.585903 0.276394 0.315896 0.0923491 0.277852 0.063216 0.225448 0.175536 0.235108 0.522896 0.40876 0.560217 0.840346 0.54123 0.721981 0.258637 0.0569091 0.5137 0.882659 0.384507 0.358404 0.500922 0.392463 0.09411 0.0765573 0.396255 0.536923 0.453994 0.636788 0.859262 0.556243 0.232692 0.145656 0.862139 0.315041 0.413508 0.915355 0.530489 0.579044 0.160463 0.0633846 0.977804 0.71068 0.89373 0.529034 
0.44961 0.814522 0.817206 0.0945887 0.980482 0.149399 0.234078 0.0994955 0.269968 0.404983 0.235731 0 0.442661 0.162367 0.575943 0.946361 0.0550264 0.95045 0.314764 0.545949 0.352913 0.398874 0.612506 0.739168 0.925797 0.0765005 0.385957 0.795059 0.622743 0.608648 0.930715 0.494882 0.913689 0.354224 0.420236 0.454178 0.923268 0.570699 0.507563 0.911071 0.291379 0.411293 0.450105 0.72404 0.56366 0.0360481 0.6804 0.608687 0.976498 0.985165 0.164635 0.339411 0.394039 0.767141 0.0885797 0.329836 0.833642 0.464536 0.134895 0.466385 0.0831848 0.0756103 0.951267 0.986874 0.419834 0.381503 0.451052 0.353102 0.942202 0.948615 0.274173 0.243582 0.369908 0.714278 0.957622 0.923568 0.740326 0.648022 0.542254 0.726824 0.643187 0.69689 0.0762356 0.0472261 0.474031 0.154815 0.367062 0.317673 0.609352 0.491957 0.774057 0.682536 0.557567 0.735324 0.679411 0.967401 0.126827 0.140463 0.330503 0.0790294 
0.038977 0.56789 0.355344 0.896086 0.877859 0.509509 0.543126 0.628551 0.741856 0.75526 0.821919 0.442661 0 0.0990778 0.594675 0.312611 0.458986 0.318954 0.280233 0.392554 0.0692798 0.918255 0.924808 0.786104 0.571442 0.631698 0.85234 0.608668 0.115729 0.017155 0.96573 0.423401 0.616507 0.467687 0.207459 0.309043 0.0352542 0.932783 0.978454 0.0126553 0.0696096 0.128917 0.333158 0.138639 0.217994 0.917833 0.44125 0.66698 0.246787 0.711483 0.0695337 0.306067 0.639738 0.984342 0.102171 0.22118 0.626039 0.944511 0.819849 0.731768 0.951666 0.795579 0.165169 0.578172 0.273266 0.362628 0.877215 0.29852 0.305411 0.865669 0.301175 0.36502 0.984586 0.624333 0.493659 0.21258 0.552167 0.92491 0.86956 0.788954 0.646393 0.929094 0.10502 0.296131 0.923436 0.197191 0.507312 0.559475 0.151702 0.33716 0.301244 0.113368 0.142739 0.456413 0.68154 0.406005 0.809041 0.568755 0.694525 0.124452 
0.906074 0.222489 0.272802 0.377243 0.791761 0.53028 0.164196 0.126527 0.36353 0.641001 0.0629844 0.162367 0.0990778 0 0.444425 0.9857 0.479472 0.43901 0.620033 0.963131 0.641591 0.1822 0.898041 0.521151 0.961153 0.554434 0.460245 0.0761738 0.840565 0.393681 0.263365 0.357876 0.943157 0.405067 0.685037 0.2544 0.508434 0.817775 0.700813 0.199974 0.23378 0.519854 0.75873 0.918305 0.634306 0.213154 0.914005 0.123778 0.642165 0.544038 0.0969094 0.293755 0.716238 0.98495 0.804907 0.687392 0.549384 0.275152 0.753566 0.399949 0.658833 0.0269306 0.747826 0.61199 0.421998 0.442862 0.85639 0.920432 0.270637 0.567204 0.130406 0.494418 0.0970579 0.879136 0.422722 0.721364 0.10229 0.346728 0.835142 0.734455 0.880766 0.922051 0.03821 0.607004 0.917002 0.833117 0.304396 0.476386 0.118269 0.0679616 0.866335 0.767102 0.0848922 0.62416 0.389092 0.49689 0.0770225 0.255483 0.427322 0.33766 
0.631892 0.382889 0.79284 0.323633 0.49107 0.559645 0.334289 0.896141 0.326932 0.0973064 0.964241 0.575943 0.594675 0.444425 0 0.812686 0.547728 0.822078 0.899744 0.436864 0.2548 0.631108 0.529154 0.591528 0.47625 0.273608 0.482293 0.408301 0.301818 0.0992976 0.335302 0.144935 0.393694 0.801688 0.253204 0.451655 0.678023 0.0303056 0.526547 0.312184 0.409398 0.0334371 0.379206 0.65488 0.450759 0.706866 0.477566 0.988487 0.538944 0.387311 0.43535 0.783744 0.0284183 0.954504 0.385271 0.494668 0.238113 0.857565 0.892969 0.529931 0.946862 0.238271 0.664866 0.350556 0.049959 0.90807 0.792211 0.717982 0.928375 0.328758 0.0401656 0.347773 0.352195 0.409372 0.0126533 0.792954 0.126238 0.48022 0.791441 0.655181 0.85753 0.236791 0.448925 0.875949 0.201295 0.824196 0.380617 0.429408 0.691761 0.283585 0.949338 0.648623 0.511856 0.624204 0.989179 0.551815 0.542274 0.79139 0.279797 0.480649 
0.926992 0.042617 0.372583 0.890851 0.555642 0.258096 0.680284 0.137958 0.294855 0.593096 0.670359 0.946361 0.312611 0.9857 0.812686 0 0.130148 0.309963 0.818422 0.472343 0.709334 0.821076 0.275297 0.825572 0.311295 0.076738 0.490753 0.178826 0.303529 0.929678 0.0647744 0.494824 0.763874 0.435391 0.914232 0.465635 0.708976 0.87357 0.124258 0.230832 0.507775 0.123436 0.772647 0.0600486 0.904826 0.0624442 0.530698 0.0449736 0.362407 0.35912 0.507317 0.0817414 0.190196 0.772614 0.897314 0.491491 0.839352 0.398067 0.660317 0.152881 0.337745 0.715091 0.637705 0.11162 0.160482 0.561937 0.567255 0.859458 0.445507 0.681512 0.10029 0.943281 0.794949 0.862938 0.0133301 0.709774 0.915382 0.534028 0.744748 0.287789 0.883148 0.262065 0.35953 0.0833444 0.0446793 0.266844 0.564836 0.874032 0.654911 0.235153 0.0369128 0.982656 0.940244 0.664618 0.104276 0.110727 0.236555 0.661531 0.960185 0.672062 
0.508122 0.87135 0.350944 0.910926 0.731232 0.666613 0.317581 0.492328 0.660677 0.636678 0.881003 0.0550264 0.458986 0.479472 0.547728 0.130148 0 0.353043 0.0704756 0.625343 0.157992 0.923413 0.628674 0.857766 0.848795 0.172702 0.612514 0.146583 0.06585 0.864579 0.496113 0.139194 0.899259 0.752957 0.69403 0.78329 0.417868 0.919183 0.810203 0.410524 0.869427 0.484821 0.504799 0.970154 0.711376 0.17633 0.940339 0.393438 0.519373 0.0208149 0.0287815 0.667365 0.934228 0.647455 0.535131 0.793023 0.810157 0.157646 0.929606 0.866007 0.032225 0.43572 0.0152008 0.921484 0.198677 0.699231 0.714774 0.606544 0.628414 0.534977 0.0270678 0.507841 0.0297981 0.521867 0.487995 0.731174 0.688197 0.438335 0.134612 0.21757 0.44915 0.153394 0.874935 0.393378 0.790849 0.420066 0.1964 0.611005 0.567711 0.136007 0.487012 0.589936 0.561727 0.492213 0.52142 0.750404 0.201443 0.246194 0.366948 0.819857 
0.924654 0.246432 0.774869 0.886719 0.74051 0.721728 0.542219 0.571366 0.454045 0.448394 0.947372 0.95045 0.318954 0.43901 0.822078 0.309963 0.353043 0 0.771171 0.384016 0.337699 0.790969 0.895883 0.815694 0.532143 0.59408 0.264028 0.656755 0.80165 0.703178 0.800149 0.686585 0.106556 0.600998 0.116651 0.292956 0.222003 0.674362 0.418963 0.699015 0.274298 0.97069 0.201227 0.785718 0.731093 0.39267 0.0419123 0.108041 0.222528 0.803083 0.482057 0.550226 0.604052 0.387939 0.37592 0.146195 0.972019 0.629949 0.792951 0.783669 0.343127 0.6031 0.480254 0.439682 0.214098 0.586904 0.722638 0.4261 0.271266 0.151601 0.135115 0.535565 0.13229 0.326342 0.331283 0.853383 0.709012 0.363195 0.951424 0.92154 0.176279 0.443481 0.481766 0.770331 0.82142 0.847686 0.906526 0.803439 0.487635 0.709477 0.597108 0.820762 0.322577 0.0873622 0.270444 0.526675 0.664267 0.983082 0.942775 0.925533 
0.0786357 0.841522 0.484928 0.462123 0.0212405 0.121028 0.453905 0.0144189 0.635122 0.328232 0.985835 0.314764 0.280233 0.620033 0.899744 0.818422 0.0704756 0.771171 0 0.144682 0.0878901 0.471098 0.266973 0.404232 0.792381 0.130356 0.123245 0.165576 0.0917802 0.0547847 0.331855 0.525261 0.526551 0.112186 0.356681 0.384238 0.028712 0.17012 0.861872 0.728189 0.757229 0.692634 0.0607664 0.834591 0.953078 0.577441 0.508858 0.946159 0.530216 0.444391 0.100841 0.608106 0.905488 0.357814 0.0223385 0.707869 0.47817 0.135583 0.863445 0.55995 0.180368 0.205299 0.0952112 0.696919 0.307485 0.441892 0.0911563 0.326197 0.602013 0.943029 0.0643861 0.369241 0.645663 0.115153 0.213832 0.60874 0.682594 0.71269 0.564899 0.22281 0.16708 0.655741 0.820916 0.0825685 0.0235548 0.833255 0.780437 0.491725 0.958838 0.653882 0.0616751 0.149206 0.849181 0.146886 0.836125 0.166666 0.578778 0.917281 0.482863 0.190791 
0.73516 0.32005 0.541348 0.449166 0.856327 0.207911 0.172426 0.902343 0.344442 0.16728 0.717106 0.545949 0.392554 0.963131 0.436864 0.472343 0.625343 0.384016 0.144682 0 0.87031 0.537249 0.550032 0.525972 0.642402 0.753865 0.144713 0.334995 0.476554 0.699612 0.547805 0.633635 0.365353 0.378722 0.706203 0.378908 0.221977 0.49664 0.860633 0.190815 0.160522 0.912308 0.330021 0.0197034 0.069194 0.176146 0.176369 0.637972 0.103426 0.649232 0.818763 0.963736 0.196481 0.378796 0.499709 0.828883 0.14266 0.634421 0.173878 0.609215 0.344034 0.711684 0.25285 0.699387 0.100406 0.949053 0.0882943 0.312383 0.455693 0.938927 0.493198 0.606215 0.861235 0.813219 0.615919 0.920428 0.979364 0.782288 0.568401 0.0927906 0.441521 0.397164 0.0665268 0.628002 0.76596 0.556235 0.466885 0.89862 0.200657 0.630763 0.517835 0.53469 0.352447 0.760684 0.244077 0.442853 0.719737 0.322371 0.745236 0.185431 
0.627635 0.505347 0.830822 0.249708 0.812935 0.129651 0.977517 0.267596 0.655728 0.922291 0.811802 0.352913 0.0692798 0.641591 0.2548 0.709334 0.157992 0.337699 0.0878901 0.87031 0 0.271298 0.248434 0.781646 0.142533 0.0716522 0.407565 0.0729611 0.0610164 0.199853 0.631362 0.143807 0.631374 0.0385264 0.200334 0.269376 0.794486 0.746569 0.726261 0.703107 0.937226 0.367024 0.230942 0.481916 0.709472 0.981626 0.715993 0.162325 0.711363 0.0483647 0.897561 0.886794 0.309663 0.155994 0.67844 0.442195 0.217646 0.0960048 0.505157 0.268663 0.285858 0.146519 0.40247 0.907232 0.175045 0.592804 0.186608 0.959531 0.349373 0.902868 0.672638 0.296599 0.279893 0.89358 0.768515 0.979365 0.885206 0.494509 0.151689 0.606569 0.532874 0.0592498 0.503363 0.832536 0.205244 0.191803 0.284732 0.41289 0.277808 0.779888 0.671553 0.553666 0.916407 0.084023 0.470897 0.101452 0.666827 0.647505 0.0709832 0.0261996 
0.215789 0.383332 0.560083 0.766583 0.484002 0.33773 0.19172 0.245452 0.695 0.585789 0.246742 0.398874 0.918255 0.1822 0.631108 0.821076 0.923413 0.790969 0.471098 0.537249 0.271298 0 0.560373 0.733621 0.312799 0.830266 0.637201 0.091314 0.819631 0.532407 0.575823 0.96132 0.148976 0.118696 0.0305699 0.642339 0.941233 0.225814 0.824142 0.235964 0.628704 0.11195 0.0258528 0.310257 0.655615 0.93226 0.38428 0.136513 0.0437114 0.061107 0.774018 0.104695 0.0773066 0.344391 0.828316 0.380105 0.184657 0.475517 0.461419 0.014288 0.0179235 0.047242 0.965608 0.156899 0.155938 0.986178 0.789238 0.107171 0.221992 0.62338 0.333136 0.840696 0.72533 0.348988 0.160954 0.390945 0.291248 0.535234 0.517457 0.324959 0.586341 0.301475 0.419654 0.653648 0.635866 0.25797 0.0437527 0.810523 0.723487 0.495172 0.814811 0.73141 0.532414 0.790419 0.878309 0.678352 0.786597 0.677548 0.775523 0.0185891 
0.880982 0.722306 0.590316 0.0741349 0.249424 0.665337 0.384067 0.558289 0.652421 0.547249 0.869527 0.612506 0.924808 0.898041 0.529154 0.275297 0.628674 0.895883 0.266973 0.550032 0.248434 0.560373 0 0.310928 0.118659 0.849285 0.0462572 0.457647 0.0202389 0.427202 0.738895 0.545473 0.934659 0.0738547 0.141814 0.246134 0.483509 0.785461 0.872 0.731479 0.819214 0.692522 0.464965 0.324386 0.517333 0.206375 0.8468 0.317752 0.0946849 0.535152 0.11435 0.762233 0.320675 0.122939 0.0831602 0.429334 0.962224 0.119417 0.876982 0.972463 0.536619 0.625877 0.527936 0.481278 0.689732 0.659749 0.717412 0.183241 0.455211 0.599412 0.904719 0.284425 0.301934 0.379685 0.598811 0.809267 0.57606 0.45561 0.13702 0.660745 0.980762 0.24137 0.432978 0.311438 0.354308 0.506138 0.730772 0.326532 0.615555 0.617754 0.308995 0.162174 0.253631 0.826931 0.633453 0.933363 0.49668 0.360865 0.126604 0.941891 
0.56843 0.119753 0.43586 0.239347 0.541164 0.884218 0.554403 0.358899 0.187432 0.204726 0.714811 0.739168 0.786104 0.521151 0.591528 0.825572 0.857766 0.815694 0.404232 0.525972 0.781646 0.733621 0.310928 0 0.950276 0.0413231 0.236315 0.26221 0.411008 0.825126 0.0814778 0.977068 0.290736 0.208498 0.647813 0.281499 0.439867 0.0907906 0.582937 0.784176 0.586928 0.323709 0.120708 0.212484 0.931463 0.419703 0.364658 0.195095 0.256634 0.988111 0.138458 0.743314 0.358975 0.255061 0.695205 0.319252 0.286385 0.921521 0.571462 0.687392 0.756647 0.64294 0.67446 0.057383 0.841438 0.332273 0.328882 0.291305 0.413064 0.901819 0.0854808 0.989992 0.235528 0.196189 0.212476 0.176991 0.605892 0.567134 0.362085 0.852526 0.565244 0.490543 0.60584 0.91422 0.735604 0.311045 0.243472 0.0319891 0.242566 0.804934 0.709381 0.989213 0.457874 0.393841 0.0565955 0.309312 0.716115 0.375477 0.590617 0.139178 
0.553205 0.0775295 0.186679 0.0723787 0.150803 0.776808 0.660536 0.395458 0.0427784 0.0907687 0.34537 0.925797 0.571442 0.961153 0.47625 0.311295 0.848795 0.532143 0.792381 0.642402 0.142533 0.312799 0.118659 0.950276 0 0.287296 0.666098 0.13917 0.512823 0.852287 0.341646 0.679814 0.468179 0.89878 0.0518995 0.330705 0.474024 0.532443 0.926545 0.398244 0.278047 0.24759 0.631716 0.300036 0.480156 0.44665 0.0194175 0.479369 0.894524 0.403259 0.525964 0.213836 0.129374 0.891442 0.794453 0.258552 0.188737 0.470551 0.387722 0.691561 0.332838 0.719368 0.381375 0.791017 0.628148 0.423275 0.131721 0.112172 0.945717 0.0682664 0.500416 0.233764 0.305857 0.142132 0.5238 0.776013 0.578782 0.533218 0.265381 0.483306 0.926477 0.781346 0.687142 0.0658502 0.682787 0.491595 0.314402 0.861525 0.952146 0.692124 0.563085 0.294984 0.421492 0.93446 0.096001 0.0596396 0.367735 0.217722 0.161811 0.323452 
0.110195 0.857705 0.112171 0.822817 0.858607 0.0238256 0.96633 0.110705 0.953512 0.459007 0.934055 0.0765005 0.631698 0.554434 0.273608 0.076738 0.172702 0.59408 0.130356 0.753865 0.0716522 0.830266 0.849285 0.0413231 0.287296 0 0.275989 0.652227 0.547216 0.571845 0.784359 0.0810167 0.357858 0.373141 0.604234 0.61324 0.846446 0.540711 0.404585 0.543588 0.596561 0.0973726 0.0451831 0.900963 0.948897 0.987329 0.603087 0.521983 0.292314 0.0345792 0.466443 0.378315 0.0842188 0.824178 0.586037 0.23603 0.15763 0.852026 0.878257 0.694847 0.433871 0.672616 0.765864 0.78173 0.0557571 0.380098 0.404969 0.892203 0.910809 0.799555 0.445792 0.517371 0.886927 0.480975 0.428334 0.845825 0.478304 0.0414213 0.377808 0.760618 0.0660005 0.834251 0.148932 0.140219 0.668429 0.724969 0.36625 0.81606 0.586995 0.254507 0.520906 0.0308668 0.917123 0.29677 0.802597 0.96288 0.666868 0.217566 0.865084 0.587677 
0.368727 0.736299 0.856747 0.176876 0.934936 0.231675 0.47455 0.821604 0.414614 0.43313 0.213648 0.385957 0.85234 0.460245 0.482293 0.490753 0.612514 0.264028 0.123245 0.144713 0.407565 0.637201 0.0462572 0.236315 0.666098 0.275989 0 0.0271207 0.320876 0.115048 0.904048 0.79185 0.533382 0.759873 0.280154 0.564803 0.14768 0.0507721 0.620804 0.971931 0.189704 0.751023 0.65036 0.904674 0.127272 0.47642 0.501669 0.371779 0.987326 0.522536 0.298903 0.294096 0.335132 0.271783 0.950964 0.542698 0.146867 0.548641 0.559819 0.457743 0.653689 0.473867 0.259593 0.197071 0.24374 0.529747 0.751874 0.381421 0.570519 0.382678 0.363352 0.750224 0.143701 0.0237122 0.664898 0.260973 0.490132 0.176567 0.622753 0.487458 0.689103 0.911655 0.771554 0.0342352 0.193439 0.732518 0.566934 0.330306 0.29116 0.136753 0.778048 0.934849 0.60062 0.0476413 0.14192 0.83436 0.567389 0.883794 0.225781 0.147908 
0.203719 0.46516 0.23815 0.978085 0.196248 0.455909 0.346262 0.928988 0.739161 0.835948 0.496446 0.795059 0.608668 0.0761738 0.408301 0.178826 0.146583 0.656755 0.165576 0.334995 0.0729611 0.091314 0.457647 0.26221 0.13917 0.652227 0.0271207 0 0.276472 0.579133 0.888132 0.410173 0.592846 0.563029 0.661146 0.0929775 0.729596 0.293898 0.570436 0.428699 0.215554 0.35199 0.452934 0.398992 0.0945082 0.0298677 0.719298 0.375668 0.15662 0.507346 0.320517 0.747241 0.544987 0.452437 0.591601 0.122376 0.346231 0.807382 0.260284 0.612703 0.396516 0.158416 0.0328757 0.979361 0.711445 0.684021 0.0823386 0.451042 0.96792 0.642774 0.86974 0.193473 0.984764 0.332675 0.582465 0.0892723 0.352542 0.311763 0.45494 0.499163 0.809109 0.765457 0.256403 0.364096 0.227894 0.838004 0.476472 0.564125 0.655387 0.726757 0.186828 0.0619025 0.875173 0.209704 0.0512636 0.596618 0.883725 0.123602 0.0576595 0.861645 
0.930119 0.57863 0.0669846 0.0397403 0.987646 0.905986 0.8552 0.87585 0.0993195 0.846065 0.0114575 0.622743 0.115729 0.840565 0.301818 0.303529 0.06585 0.80165 0.0917802 0.476554 0.0610164 0.819631 0.0202389 0.411008 0.512823 0.547216 0.320876 0.276472 0 0.756376 0.9174 0.0651184 0.751141 0.260075 0.637584 0.830413 0.602617 0.939347 0.295353 0.111779 0.758456 0.0708101 0.358183 0.132552 0.288704 0.206187 0.599025 0.842829 0.851574 0.335781 0.0396575 0.903477 0.220954 0.239361 0.94474 0.807572 0.133087 0.0783423 0.855231 0.984732 0.824719 0.782631 0.0598503 0.585859 0.0527058 0.687434 0.426272 0.645323 0.636781 0.711625 0.747102 0.405237 0.772435 0.115285 0.527789 0.0711392 0.311472 0.136813 0.903968 0.173046 0.462595 0.933626 0.0865227 0.673548 0.182987 0.0412628 0.49112 0.306074 0.109605 0.356351 0.300806 0.924324 0.148983 0.350657 0.520183 0.191689 0.0480906 0.936455 0.827011 0.674871 
0.439482 0.604325 0.311241 0.204604 0.672607 0.498167 0.246125 0.540911 0.296264 0.0521188 0.73732 0.608648 0.017155 0.393681 0.0992976 0.929678 0.864579 0.703178 0.0547847 0.699612 0.199853 0.532407 0.427202 0.825126 0.852287 0.571845 0.115048 0.579133 0.756376 0 0.65808 0.584113 0.0901079 0.440515 0.689398 0.607897 0.501655 0.0108702 0.73471 0.415623 0.173916 0.207305 0.359249 0.250439 0.870853 0.532236 0.281702 0.371973 0.828311 0.381307 0.718325 0.139117 0.315631 0.857308 0.479774 0.825814 0.0589963 0.517864 0.772269 0.876007 0.202736 0.44035 0.470121 0.282843 0.870865 0.169519 0.88074 0.38252 0.170389 0.62545 0.788143 0.334305 0.822755 0.157392 0.574744 0.703608 0.679628 0.846446 0.0855816 0.517939 0.237753 0.793907 0.647056 0.543384 0.661214 0.13683 0.379199 0.710211 0.644694 0.161468 0.596218 0.83743 0.591818 0.0763386 0.130273 0.472683 0.235857 0.0210131 0.845203 0.396246 
0.749586 0.296766 0.648573 0.27377 0.376143 0.524682 0.743581 0.122167 0.71 0.61049 0.143099 0.930715 0.96573 0.263365 0.335302 0.0647744 0.496113 0.800149 0.331855 0.547805 0.631362 0.575823 0.738895 0.0814778 0.341646 0.784359 0.904048 0.888132 0.9174 0.65808 0 0.636463 0.643345 0.720552 0.469218 0.790737 0.305296 0.182826 0.480366 0.161742 0.258408 0.988305 0.389496 0.0623143 0.645361 0.92288 0.713529 0.772191 0.312079 0.433739 0.426885 0.463547 0.0399573 0.274314 0.0653646 0.106296 0.394587 0.528047 0.332153 0.4056 0.38325 0.7184 0.0520634 0.0365955 0.448951 0.511281 0.817333 0.744247 0.684108 0.307698 0.89599 0.932515 0.306003 0.295486 0.98483 0.941364 0.228366 0.708358 0.723554 0.530445 0.152098 0.160439 0.983992 0.182055 0.424753 0.0593561 0.278351 0.809341 0.577404 0.600504 0.224941 0.950654 0.328903 0.267004 0.977249 0.767855 0.768286 0.804582 0.522102 0.462393 
0.676652 0.883435 0.294528 0.648357 0.179648 0.887327 0.928004 0.647307 0.580754 0.817743 0.887684 0.494882 0.423401 0.357876 0.144935 0.494824 0.139194 0.686585 0.525261 0.633635 0.143807 0.96132 0.545473 0.977068 0.679814 0.0810167 0.79185 0.410173 0.0651184 0.584113 0.636463 0 0.12228 0.428092 0.404909 0.418283 0.713577 0.399738 0.369647 0.931943 0.118096 0.103202 0.472388 0.260194 0.253641 0.466379 0.432249 0.668394 0.515736 0.700599 0.487735 0.103139 0.311103 0.702676 0.0637927 0.630007 0.95968 0.0510419 0.407861 0.737966 0.845624 0.919963 0.210359 0.957904 0.358055 0.605268 0.386188 0.0816321 0.0150059 0.745835 0.0235752 0.123102 0.839037 0.485963 0.373296 0.102678 0.942342 0.795545 0.761072 0.468078 0.506145 0.258806 0.561217 0.807248 0.951482 0.61501 0.447255 0.921162 0.656052 0.845116 0.669128 0.511676 0.77508 0.869487 0.47958 0.143134 0.484754 0.855768 0.214766 0.48976 
0.551046 0.97007 0.15231 0.745807 0.52551 0.276644 0.135772 0.434824 0.924548 0.327956 0.181892 0.913689 0.616507 0.943157 0.393694 0.763874 0.899259 0.106556 0.526551 0.365353 0.631374 0.148976 0.934659 0.290736 0.468179 0.357858 0.533382 0.592846 0.751141 0.0901079 0.643345 0.12228 0 0.611603 0.228342 0.602863 0.460639 0.704305 0.966159 0.553317 0.656647 0.771704 0.324389 0.134725 0.287848 0.573195 0.685942 0.105096 0.534677 0.310952 0.542351 0.465839 0.957004 0.397468 0.144967 0.478679 0.182547 0.0244536 0.948259 0.315682 0.499208 0.814027 0.520448 0.978968 0.43563 0.73879 0.591831 0.886269 0.453094 0.56799 0.449586 0.119742 0.349694 0.763974 0.244467 0.627542 0.34717 0.920409 0.722638 0.871847 0.241361 0.27499 0.347686 0.208364 0.662457 0.482653 0.677044 0.835004 0.497106 0.635303 0.160686 0.986314 0.45933 0.671134 0.975282 0.88496 0.419924 0.577113 0.781228 0.863018 
0.842384 0.187756 0.720069 0.533106 0.562951 0.27214 0.154632 0.0607655 0.592599 0.114393 0.307448 0.354224 0.467687 0.405067 0.801688 0.435391 0.752957 0.600998 0.112186 0.378722 0.0385264 0.118696 0.0738547 0.208498 0.89878 0.373141 0.759873 0.563029 0.260075 0.440515 0.720552 0.428092 0.611603 0 0.155103 0.240814 0.97276 0.494796 0.0147888 0.227226 0.132338 0.351958 0.157635 0.844977 0.233805 0.388996 0.129967 0.571491 0.58736 0.782424 0.0641437 0.274404 0.627428 0.55125 0.899707 0.778114 0.547564 0.369037 0.459248 0.532847 0.263997 0.869172 0.11996 0.0552252 0.74219 0.265063 0.286039 0.724949 0.749859 0.290828 0.942175 0.872198 0.632787 0.109811 0.727174 0.856592 0.488807 0.847141 0.438083 0.086167 0.639565 0.492226 0.350571 0.276993 0.0534763 0.260278 0.065107 0.591041 0.619316 0.514355 0.133888 0.873312 0.393527 0.243848 0.918537 0.145716 0.498911 0.214577 0.860665 0.25877 
0.219338 0.924076 0.973452 0.781331 0.279015 0.68373 0.878472 0.549706 0.862639 0.944796 0.243224 0.420236 0.207459 0.685037 0.253204 0.914232 0.69403 0.116651 0.356681 0.706203 0.200334 0.0305699 0.141814 0.647813 0.0518995 0.604234 0.280154 0.661146 0.637584 0.689398 0.469218 0.404909 0.228342 0.155103 0 0.495405 0.812841 0.140968 0.138192 0.912651 0.858142 0.984783 0.411458 0.715283 0.432866 0.487625 0.364848 0.915092 0.828196 0.631841 0.958568 0.0984744 0.686948 0.559609 0.70779 0.211303 0.683497 0.591102 0.594829 0.917344 0.51964 0.730545 0.426255 0.724217 0.601211 0.675025 0.229622 0.424051 0.805993 0.357814 0.346703 0.674134 0.352597 0.748161 0.399417 0.775463 0.245785 0.754265 0.700555 0.0839813 0.396106 0.669123 0.172456 0.0930532 0.238732 0.870246 0.294356 0.912229 0.471348 0.879185 0.839574 0.980987 0.619731 0.275829 0.715204 0.230941 0.940854 0.934826 0.644993 0.756846 
0.720543 0.829772 0.433275 0.862462 0.72588 0.107493 0.240984 0.391816 0.390232 0.215188 0.335108 0.454178 0.309043 0.2544 0.451655 0.465635 0.78329 0.292956 0.384238 0.378908 0.269376 0.642339 0.246134 0.281499 0.330705 0.61324 0.564803 0.0929775 0.830413 0.607897 0.790737 0.418283 0.602863 0.240814 0.495405 0 0.302639 0.981696 0.440981 0.645236 0.739856 0.830398 0.430699 0.975641 0.594663 0.141254 0.0696226 0.980768 0.800377 0.232078 0.0838217 0.0491092 0.112324 0.368178 0.951338 0.573672 0.257363 0.800912 0.564659 0.867093 0.0867404 0.289863 0.108034 0.0375941 0.234689 0.743027 0.78444 0.527328 0.734723 0.235421 0.182564 0.484579 0.0758187 0.603263 0.47022 0.660482 0.734517 0.529843 0.65125 0.544894 0.751921 0.725072 0.584003 0.854245 0.103249 0.545341 0.437916 0.350612 0.356253 0.0125754 0.227705 0.432993 0.292438 0.325739 0.460587 0.517127 0.0787667 0.255028 0.0544553 0.803489 
0.0283524 0.38297 0.623673 0.874401 0.550387 0.227197 0.756613 0.975768 0.926667 0.910256 0.32745 0.923268 0.0352542 0.508434 0.678023 0.708976 0.417868 0.222003 0.028712 0.221977 0.794486 0.941233 0.483509 0.439867 0.474024 0.846446 0.14768 0.729596 0.602617 0.501655 0.305296 0.713577 0.460639 0.97276 0.812841 0.302639 0 0.480449 0.22702 0.298068 0.546267 0.820283 0.758288 0.216749 0.564799 0.298131 0.857999 0.119693 0.0600522 0.59307 0.693696 0.904297 0.68632 0.249037 0.352213 0.0469315 0.59529 0.354789 0.264636 0.0382834 0.637227 0.580376 0.488871 0.164355 0.649143 0.733899 0.20881 0.462632 0.224347 0.425829 0.7507 0.760614 0.256112 0.518989 0.967363 0.810911 0.80712 0.835362 0.920604 0.857172 0.438432 0.6243 0.771469 0.134752 0.863337 0.133682 0.171684 0.468627 0.478471 0.42632 0.496911 0.125699 0.016696 0.975782 0.280053 0.655839 0.71968 0.478863 0.128471 0.934028 
0.276239 0.292122 0.102666 0.242235 0.538912 0.728889 0.445494 0.349662 0.346791 0.119861 0.14247 0.570699 0.932783 0.817775 0.0303056 0.87357 0.919183 0.674362 0.17012 0.49664 0.746569 0.225814 0.785461 0.0907906 0.532443 0.540711 0.0507721 0.293898 0.939347 0.0108702 0.182826 0.399738 0.704305 0.494796 0.140968 0.981696 0.480449 0 0.894692 0.869171 0.704642 0.160805 0.398159 0.682005 0.961716 0.215279 0.527367 0.892321 0.082451 0.955799 0.526621 0.84392 0.100551 0.399958 0.967602 0.262235 0.858586 0.456073 0.678555 0.365497 0.571772 0.685251 0.351278 0.841825 0.35109 0.0809589 0.330688 0.46956 0.0249865 0.235381 0.348731 0.719628 0.386185 0.736891 0.411634 0.357901 0.94217 0.929001 0.260222 0.0346208 0.8948 0.776843 0.868541 0.985352 0.186801 0.846143 0.257587 0.0553867 0.312216 0.926142 0.410883 0.873989 0.621393 0.752162 0.725814 0.962483 0.823121 0.0665019 0.442043 0.838107 
0.625409 0.18865 0.051977 0.783715 0.443696 0.330681 0.882442 0.847379 0.639083 0.094049 0.171764 0.507563 0.978454 0.700813 0.526547 0.124258 0.810203 0.418963 0.861872 0.860633 0.726261 0.824142 0.872 0.582937 0.926545 0.404585 0.620804 0.570436 0.295353 0.73471 0.480366 0.369647 0.966159 0.0147888 0.138192 0.440981 0.22702 0.894692 0 0.291883 0.780774 0.567736 0.668068 0.527665 0.969369 0.0359692 0.479834 0.90837 0.286191 0.504455 0.81317 0.0730336 0.382996 0.808521 0.249835 0.239139 0.0761081 0.295221 0.541355 0.0122498 0.696105 0.425344 0.623643 0.458266 0.161158 0.596125 0.291387 0.217659 0.0481679 0.139494 0.499542 0.818942 0.69723 0.17761 0.356606 0.676599 0.203579 0.826441 0.594969 0.47977 0.340896 0.418138 0.542804 0.713892 0.23666 0.782638 0.94303 0.302768 0.0878597 0.494386 0.305018 0.773964 0.909729 0.91866 0.242231 0.080887 0.524785 0.523618 0.288546 0.562953 
0.141958 0.06332 0.108307 0.243167 0.349966 0.676947 0.276469 0.799616 0.091864 0.974747 0.408291 0.911071 0.0126553 0.199974 0.312184 0.230832 0.410524 0.699015 0.728189 0.190815 0.703107 0.235964 0.731479 0.784176 0.398244 0.543588 0.971931 0.428699 0.111779 0.415623 0.161742 0.931943 0.553317 0.227226 0.912651 0.645236 0.298068 0.869171 0.291883 0 0.653112 0.778089 0.391895 0.360342 0.945699 0.738502 0.0469406 0.159278 0.574942 0.631909 0.629048 0.905838 0.0600477 0.181852 0.62973 0.286708 0.95449 0.58276 0.579476 0.0523496 0.087146 0.874493 0.816314 0.986876 0.803154 0.0685447 0.0777625 0.337939 0.582163 0.356309 0.890892 0.245275 0.144398 0.292788 0.595616 0.100096 0.0412894 0.632557 0.249374 0.606232 0.274466 0.868422 0.52207 0.324514 0.0602734 0.1618 0.601222 0.0247634 0.73456 0.190697 0.067113 0.811706 0.0751905 0.873427 0.808582 0.868344 0.931972 0.876344 0.216283 0.524134 
0.96624 0.181034 0.79357 0.159981 0.297096 0.74783 0.366898 0.313641 0.850588 0.639729 0.505679 0.291379 0.0696096 0.23378 0.409398 0.507775 0.869427 0.274298 0.757229 0.160522 0.937226 0.628704 0.819214 0.586928 0.278047 0.596561 0.189704 0.215554 0.758456 0.173916 0.258408 0.118096 0.656647 0.132338 0.858142 0.739856 0.546267 0.704642 0.780774 0.653112 0 0.242653 0.117176 0.759409 0.377051 0.399963 0.365025 0.467147 0.431253 0.987582 0.706521 0.0474845 0.272049 0.584943 0.559555 0.586563 0.635216 0.711355 0.197784 0.64998 0.455915 0.378481 0.707093 0.277622 0.443672 0.59052 0.0962035 0.322016 0.532491 0.962548 0.528299 0.0666254 0.215201 0.635475 0.816034 0.582253 0.0454379 0.191059 0.0593998 0.466691 0.188642 0.755921 0.504175 0.45069 0.350864 0.0737296 0.0472528 0.97608 0.775084 0.235037 0.63606 0.241 0.603518 0.353153 0.508621 0.0571899 0.933673 0.594825 0.369206 0.476164 
0.254839 0.948911 0.239148 0.0215163 0.715025 0.296655 0.386802 0.198413 0.500718 0.593621 0.781719 0.411293 0.128917 0.519854 0.0334371 0.123436 0.484821 0.97069 0.692634 0.912308 0.367024 0.11195 0.692522 0.323709 0.24759 0.0973726 0.751023 0.35199 0.0708101 0.207305 0.988305 0.103202 0.771704 0.351958 0.984783 0.830398 0.820283 0.160805 0.567736 0.778089 0.242653 0 0.567373 0.887505 0.532789 0.772574 0.532979 0.358824 0.364827 0.568417 0.539883 0.414226 0.0451078 0.718525 0.180147 0.539283 0.179215 0.521011 0.603012 0.216468 0.507092 0.388097 0.441505 0.153152 0.619096 0.0550229 0.496305 0.137717 0.102213 0.439978 0.722542 0.461419 0.906142 0.299915 0.358923 0.448931 0.0824889 0.881903 0.797754 0.437316 0.46032 0.347637 0.841542 0.495428 0.0761621 0.0316894 0.0447107 0.245377 0.542701 0.637723 0.451845 0.0597926 0.03582 0.88335 0.202945 0.644916 0.928373 0.68925 0.772634 0.0405855 
0.581568 0.867842 0.915512 0.327756 0.340448 0.816345 0.500547 0.889111 0.351832 0.38973 0.634022 0.450105 0.333158 0.75873 0.379206 0.772647 0.504799 0.201227 0.0607664 0.330021 0.230942 0.0258528 0.464965 0.120708 0.631716 0.0451831 0.65036 0.452934 0.358183 0.359249 0.389496 0.472388 0.324389 0.157635 0.411458 0.430699 0.758288 0.398159 0.668068 0.391895 0.117176 0.567373 0 0.139227 0.505176 0.492004 0.0553689 0.795091 0.840928 0.4943 0.86758 0.73283 0.302054 0.314895 0.20315 0.639691 0.166437 0.688578 0.705853 0.188126 0.723289 0.94123 0.720827 0.371012 0.403075 0.77062 0.396832 0.296425 0.963565 0.0517486 0.234798 0.662814 0.814382 0.265383 0.792042 0.329558 0.747387 0.837411 0.134649 0.598315 0.341711 0.0122288 0.341145 0.633765 0.317124 0.534296 0.283456 0.473561 0.232874 0.979309 0.651687 0.946163 0.93054 0.382515 0.327175 0.343615 0.163135 0.714007 0.63004 0.136699 
0.0152167 0.738924 0.158914 0.0660667 0.184955 0.267339 0.900024 0.932192 0.602444 0.404989 0.337598 0.72404 0.138639 0.918305 0.65488 0.0600486 0.970154 0.785718 0.834591 0.0197034 0.481916 0.310257 0.324386 0.212484 0.300036 0.900963 0.904674 0.398992 0.132552 0.250439 0.0623143 0.260194 0.134725 0.844977 0.715283 0.975641 0.216749 0.682005 0.527665 0.360342 0.759409 0.887505 0.139227 0 0.755756 0.854838 0.789514 0.580139 0.130221 0.591556 0.899697 0.867608 0.438966 0.0443462 0.475923 0.770677 0.0465751 0.807068 0.414441 0.353699 0.351364 0.687897 0.81726 0.574238 0.677206 0.478948 0.530401 0.617746 0.851462 0.847576 0.951361 0.024597 0.571584 0.591401 0.151296 0.33734 0.456239 0.93081 0.907478 0.57646 0.532365 0.817175 0.454068 0.961332 0.851522 0.919991 0.742009 0.888097 0.73706 0.16645 0.251796 0.0984235 0.844347 0.0790557 0.662661 0.531554 0.548003 0.203062 0.1593 0.409466 
